0.005000 0.493506
0.010000 0.582861
0.015000 0.470875
0.020000 0.631803
0.025000 0.438388
0.030000 0.608502
0.035000 0.415414
0.040000 0.561443
0.045000 0.456587
0.050000 0.474895
0.055000 0.506397
0.060000 0.407198
0.065000 0.537951
0.070000 0.341968
0.075000 0.554856
0.080000 0.350616
0.085000 0.529770
0.090000 0.362503
0.095000 0.462939
0.100000 0.433113
0.105000 0.420739
0.110000 0.474994
0.115000 0.347694
0.120000 0.531376
0.125000 0.344101
0.130000 0.531264
0.135000 0.336617
0.140000 0.514082
0.145000 0.439703
0.150000 0.510122
0.155000 0.543350
0.160000 0.514877
0.165000 0.636065
0.170000 0.471355
0.175000 0.640463
0.180000 0.444706
0.185000 0.609331
0.190000 0.429018
0.195000 0.519860
0.200000 0.446513
0.205000 0.414531
0.210000 0.458829
0.215000 0.325211
0.220000 0.497602
0.225000 0.291894
0.230000 0.466660
0.235000 0.266440
0.240000 0.443537
0.245000 0.310578
0.250000 0.385619
0.255000 0.377262
0.260000 0.337394
0.265000 0.443820
0.270000 0.296035
0.275000 0.480255
0.280000 0.287809
0.285000 0.467959
0.290000 0.313479
0.295000 0.453919
0.300000 0.395942
0.305000 0.378886
0.310000 0.429646
0.315000 0.306379
0.320000 0.469006
0.325000 0.264687
0.330000 0.453408
0.335000 0.244730
0.340000 0.404357
0.345000 0.265142
0.350000 0.341307
0.355000 0.326419
0.360000 0.265940
0.365000 0.367742
0.370000 0.220985
0.375000 0.405486
0.380000 0.191380
0.385000 0.395079
0.390000 0.212488
0.395000 0.367412
0.400000 0.287873
0.405000 0.374428
0.410000 0.505377
0.415000 0.462262
0.420000 0.506274
0.425000 0.267734
0.430000 0.401819
0.435000 0.162736
0.440000 0.317405
0.445000 0.188998
0.450000 0.318162
0.455000 0.289066
0.460000 0.272285
0.465000 0.357200
0.470000 0.221951
0.475000 0.414479
0.480000 0.216536
0.485000 0.417086
0.490000 0.241726
0.495000 0.412403
0.500000 0.314816
0.505000 0.353225
0.510000 0.373019
0.515000 0.311465
0.520000 0.445832
0.525000 0.288227
0.530000 0.490934
0.535000 0.300923
0.540000 0.493003
0.545000 0.328970
0.550000 0.441538
0.555000 0.409836
0.560000 0.389875
0.565000 0.473034
0.570000 0.348738
0.575000 0.497998
0.580000 0.335441
0.585000 0.536330
0.590000 0.368763
0.595000 0.532249
0.600000 0.431294
0.605000 0.487033
0.610000 0.498879
0.615000 0.449230
0.620000 0.579203
0.625000 0.420418
0.630000 0.610772
0.635000 0.402852
0.640000 0.574122
0.645000 0.424614
0.650000 0.538607
0.655000 0.459296
0.660000 0.452828
0.665000 0.531411
0.670000 0.378420
0.675000 0.551999
0.680000 0.397194
0.685000 0.581825
0.690000 0.398775
0.695000 0.582248
0.700000 0.455787
0.705000 0.527773
0.710000 0.528885
0.715000 0.464276
0.720000 0.575495
0.725000 0.377550
0.730000 0.556888
0.735000 0.328860
0.740000 0.525138
0.745000 0.346285
0.750000 0.452444
0.755000 0.356884
0.760000 0.380160
0.765000 0.445036
0.770000 0.369727
0.775000 0.559335
0.780000 0.400571
0.785000 0.588649
0.790000 0.398402
0.795000 0.558875
0.800000 0.444906
0.805000 0.520600
0.810000 0.496613
0.815000 0.438475
0.820000 0.539840
0.825000 0.399314
0.830000 0.585185
0.835000 0.352627
0.840000 0.571798
0.845000 0.441336
0.850000 0.581132
0.855000 0.519509
0.860000 0.620622
0.865000 0.722853
0.870000 0.569311
0.875000 0.653065
0.880000 0.428004
0.885000 0.578119
0.890000 0.333002
0.895000 0.505758
0.900000 0.386834
0.905000 0.505151
0.910000 0.502797
0.915000 0.495490
0.920000 0.593999
0.925000 0.476905
0.930000 0.669248
0.935000 0.474364
0.940000 0.670615
0.945000 0.478777
0.950000 0.571464
0.955000 0.498832
0.960000 0.551946
0.965000 0.567209
0.970000 0.506399
0.975000 0.655277
0.980000 0.463547
0.985000 0.621686
0.990000 0.441992
0.995000 0.626346
1.000000 0.480627
1.005000 0.590499
1.010000 0.560574
1.015000 0.561450
1.020000 0.632986
1.025000 0.527671
1.030000 0.670698
1.035000 0.483618
1.040000 0.710550
1.045000 0.512020
1.050000 0.680518
1.055000 0.561997
1.060000 0.642542
1.065000 0.674866
1.070000 0.602587
1.075000 0.738288
1.080000 0.596304
1.085000 0.769694
1.090000 0.576432
1.095000 0.786892
1.100000 0.629706
1.105000 0.741332
1.110000 0.667388
1.115000 0.655418
1.120000 0.709510
1.125000 0.589442
1.130000 0.739855
1.135000 0.529845
1.140000 0.738499
1.145000 0.569223
1.150000 0.735470
1.155000 0.620267
1.160000 0.697332
1.165000 0.688269
1.170000 0.662227
1.175000 0.773425
1.180000 0.660531
1.185000 0.828854
1.190000 0.644075
1.195000 0.846436
1.200000 0.696549
1.205000 0.816205
1.210000 0.759697
1.215000 0.776199
1.220000 0.817680
1.225000 0.718057
1.230000 0.862363
1.235000 0.697164
1.240000 0.880746
1.245000 0.663938
1.250000 0.826105
1.255000 0.708009
1.260000 0.771323
1.265000 0.748884
1.270000 0.693710
1.275000 0.785191
1.280000 0.654433
1.285000 0.847324
1.290000 0.653327
1.295000 0.850651
1.300000 0.714189
1.305000 0.882954
1.310000 0.844447
1.315000 0.951970
1.320000 0.942074
1.325000 0.791594
1.330000 0.889331
1.335000 0.661109
1.340000 0.755443
1.345000 0.546424
1.350000 0.747228
1.355000 0.636179
1.360000 0.734717
1.365000 0.706203
1.370000 0.665656
1.375000 0.759421
1.380000 0.618879
1.385000 0.812010
1.390000 0.582271
1.395000 0.780989
1.400000 0.621947
1.405000 0.785649
1.410000 0.691188
1.415000 0.729643
1.420000 0.750774
1.425000 0.649842
1.430000 0.803519
1.435000 0.625061
1.440000 0.837824
1.445000 0.653017
1.450000 0.840333
1.455000 0.680154
1.460000 0.817124
1.465000 0.770057
1.470000 0.770830
1.475000 0.856720
1.480000 0.730505
1.485000 0.911865
1.490000 0.732978
1.495000 0.941715
1.500000 0.743896
1.505000 0.929234
1.510000 0.824292
1.515000 0.885557
1.520000 0.928081
1.525000 0.859757
1.530000 0.976539
1.535000 0.836342
1.540000 0.981570
1.545000 0.780242
1.550000 0.948167
1.555000 0.780755
1.560000 0.917132
1.565000 0.852290
1.570000 0.846081
1.575000 0.898303
1.580000 0.808660
1.585000 0.938807
1.590000 0.734027
1.595000 0.946836
1.600000 0.756185
1.605000 0.941961
1.610000 0.802966
1.615000 0.864161
1.620000 0.828405
1.625000 0.805337
1.630000 0.902075
1.635000 0.770865
1.640000 0.925122
1.645000 0.730069
1.650000 0.955108
1.655000 0.808585
1.660000 0.932606
1.665000 0.867402
1.670000 0.863124
1.675000 0.934340
1.680000 0.820037
1.685000 0.949587
1.690000 0.756916
1.695000 0.947967
1.700000 0.727068
1.705000 0.886856
1.710000 0.763480
1.715000 0.824129
1.720000 0.782129
1.725000 0.751327
1.730000 0.855943
1.735000 0.681247
1.740000 0.875162
1.745000 0.708885
1.750000 0.913819
1.755000 0.832051
1.760000 1.057929
1.765000 0.924102
1.770000 0.857851
1.775000 0.776181
1.780000 0.656052
1.785000 0.727219
1.790000 0.535271
1.795000 0.727073
1.800000 0.582276
1.805000 0.781191
1.810000 0.625670
1.815000 0.734751
1.820000 0.696447
1.825000 0.631169
1.830000 0.714323
1.835000 0.600557
1.840000 0.769069
1.845000 0.551929
1.850000 0.761965
1.855000 0.571434
1.860000 0.734873
1.865000 0.629913
1.870000 0.670559
1.875000 0.693632
1.880000 0.608009
1.885000 0.750012
1.890000 0.566454
1.895000 0.764948
1.900000 0.576922
1.905000 0.763326
1.910000 0.621220
1.915000 0.729303
1.920000 0.680145
1.925000 0.695194
1.930000 0.753889
1.935000 0.648778
1.940000 0.807204
1.945000 0.628787
1.950000 0.827977
1.955000 0.650111
1.960000 0.823476
1.965000 0.733310
1.970000 0.767566
1.975000 0.782095
1.980000 0.714280
1.985000 0.829499
1.990000 0.674500
1.995000 0.827535
2.000000 0.619566
2.005000 0.820864
2.010000 0.629881
2.015000 0.772382
2.020000 0.689998
2.025000 0.682888
2.030000 0.742356
2.035000 0.625035
2.040000 0.765885
2.045000 0.578533
2.050000 0.764098
2.055000 0.578235
2.060000 0.720461
2.065000 0.597937
2.070000 0.702150
2.075000 0.676811
2.080000 0.618631
2.085000 0.721363
2.090000 0.566179
2.095000 0.779111
2.100000 0.588812
2.105000 0.772904
2.110000 0.583275
2.115000 0.725266
2.120000 0.630363
2.125000 0.650784
2.130000 0.664518
2.135000 0.559055
2.140000 0.695902
2.145000 0.512945
2.150000 0.698033
2.155000 0.495944
2.160000 0.658549
2.165000 0.512477
2.170000 0.607718
2.175000 0.558541
2.180000 0.508001
2.185000 0.640838
2.190000 0.558619
2.195000 0.780314
2.200000 0.689870
2.205000 0.944333
2.210000 0.656707
2.215000 0.643645
2.220000 0.473847
2.225000 0.443230
2.230000 0.455324
2.235000 0.420821
2.240000 0.592611
2.245000 0.463532
2.250000 0.650949
2.255000 0.476552
2.260000 0.667611
2.265000 0.533983
2.270000 0.632635
2.275000 0.591939
2.280000 0.570502
2.285000 0.650247
2.290000 0.503717
2.295000 0.671915
2.300000 0.507821
2.305000 0.686363
2.310000 0.523626
2.315000 0.659704
2.320000 0.580917
2.325000 0.621865
2.330000 0.643696
2.335000 0.595064
2.340000 0.700310
2.345000 0.548300
2.350000 0.749733
2.355000 0.557375
2.360000 0.748539
2.365000 0.606014
2.370000 0.714433
2.375000 0.656197
2.380000 0.636348
2.385000 0.744052
2.390000 0.629596
2.395000 0.792505
2.400000 0.633229
2.405000 0.826352
2.410000 0.629445
2.415000 0.786710
2.420000 0.670605
2.425000 0.726727
2.430000 0.690131
2.435000 0.651998
2.440000 0.726262
2.445000 0.570661
2.450000 0.732650
2.455000 0.555140
2.460000 0.716426
2.465000 0.549224
2.470000 0.667674
2.475000 0.604079
2.480000 0.630021
2.485000 0.653123
2.490000 0.553384
2.495000 0.696623
2.500000 0.491552
2.505000 0.693974
2.510000 0.513912
2.515000 0.696685
2.520000 0.578830
2.525000 0.658538
2.530000 0.633131
2.535000 0.599445
2.540000 0.711669
2.545000 0.566484
2.550000 0.750169
2.555000 0.560322
2.560000 0.740293
2.565000 0.547746
2.570000 0.691403
2.575000 0.575788
2.580000 0.602789
2.585000 0.624351
2.590000 0.521895
2.595000 0.683514
2.600000 0.478664
2.605000 0.663598
2.610000 0.475829
2.615000 0.650086
2.620000 0.503766
2.625000 0.605331
2.630000 0.617747
2.635000 0.622954
2.640000 0.754471
2.645000 0.743434
2.650000 0.933634
2.655000 0.579274
2.660000 0.600446
2.665000 0.352471
2.670000 0.482848
2.675000 0.396047
2.680000 0.464703
2.685000 0.534685
2.690000 0.464866
2.695000 0.633465
2.700000 0.470045
2.705000 0.633665
2.710000 0.461153
2.715000 0.621762
2.720000 0.487484
2.725000 0.604370
2.730000 0.560058
2.735000 0.548987
2.740000 0.644285
2.745000 0.486576
2.750000 0.686979
2.755000 0.483082
2.760000 0.702804
2.765000 0.532300
2.770000 0.694079
2.775000 0.554769
2.780000 0.632627
2.785000 0.649697
2.790000 0.588443
2.795000 0.682157
2.800000 0.557704
2.805000 0.731775
2.810000 0.540120
2.815000 0.741474
2.820000 0.613158
2.825000 0.735107
2.830000 0.692409
2.835000 0.692609
2.840000 0.775471
2.845000 0.679587
2.850000 0.821324
2.855000 0.646362
2.860000 0.858240
2.865000 0.626028
2.870000 0.824178
2.875000 0.678507
2.880000 0.739092
2.885000 0.719728
2.890000 0.669868
2.895000 0.765364
2.900000 0.585003
2.905000 0.767250
2.910000 0.549266
2.915000 0.745918
2.920000 0.590317
2.925000 0.698390
2.930000 0.652614
2.935000 0.655257
2.940000 0.694817
2.945000 0.590333
2.950000 0.751857
2.955000 0.573530
2.960000 0.770538
2.965000 0.595976
2.970000 0.751017
2.975000 0.617896
2.980000 0.702648
2.985000 0.718134
2.990000 0.675593
2.995000 0.770354
3.000000 0.625101
3.005000 0.792886
3.010000 0.587825
3.015000 0.773358
3.020000 0.579684
3.025000 0.722392
3.030000 0.626046
3.035000 0.658834
3.040000 0.654671
3.045000 0.560053
3.050000 0.698808
3.055000 0.527485
3.060000 0.729545
3.065000 0.529845
3.070000 0.723165
3.075000 0.641253
3.080000 0.780989
3.085000 0.833863
3.090000 0.896025
3.095000 0.907755
3.100000 0.617699
3.105000 0.662653
3.110000 0.414260
3.115000 0.604876
3.120000 0.443885
3.125000 0.650389
3.130000 0.596812
3.135000 0.627380
3.140000 0.668394
3.145000 0.605647
3.150000 0.752516
3.155000 0.577109
3.160000 0.774583
3.165000 0.601029
3.170000 0.769088
3.175000 0.615779
3.180000 0.756985
3.185000 0.723206
3.190000 0.680998
3.195000 0.764534
3.200000 0.649242
3.205000 0.809110
3.210000 0.655764
3.215000 0.852370
3.220000 0.653204
3.225000 0.811721
3.230000 0.690621
3.235000 0.753185
3.240000 0.777872
3.245000 0.744613
3.250000 0.861947
3.255000 0.700727
3.260000 0.901785
3.265000 0.731492
3.270000 0.940100
3.275000 0.759447
3.280000 0.924012
3.285000 0.845739
3.290000 0.857658
3.295000 0.929719
3.300000 0.851729
3.305000 0.995974
3.310000 0.808046
3.315000 1.015784
3.320000 0.817224
3.325000 0.983761
3.330000 0.839706
3.335000 0.896747
3.340000 0.883040
3.345000 0.814902
3.350000 0.948376
3.355000 0.753021
3.360000 0.919842
3.365000 0.725994
3.370000 0.910634
3.375000 0.736231
3.380000 0.854264
3.385000 0.774872
3.390000 0.776268
3.395000 0.829189
3.400000 0.729531
3.405000 0.907254
3.410000 0.724763
3.415000 0.903454
3.420000 0.716721
3.425000 0.882308
3.430000 0.747512
3.435000 0.837060
3.440000 0.805610
3.445000 0.791633
3.450000 0.889780
3.455000 0.724636
3.460000 0.860222
3.465000 0.664944
3.470000 0.839714
3.475000 0.666005
3.480000 0.783812
3.485000 0.672440
3.490000 0.733790
3.495000 0.744277
3.500000 0.673406
3.505000 0.793846
3.510000 0.637350
3.515000 0.858686
3.520000 0.683943
3.525000 0.897790
3.530000 0.868822
3.535000 0.969121
3.540000 0.848187
3.545000 0.720293
3.550000 0.741507
3.555000 0.538240
3.560000 0.680926
3.565000 0.555090
3.570000 0.788366
3.575000 0.618299
3.580000 0.766754
3.585000 0.696862
3.590000 0.701549
3.595000 0.731629
3.600000 0.661165
3.605000 0.792634
3.610000 0.599070
3.615000 0.820522
3.620000 0.630680
3.625000 0.791163
3.630000 0.637147
3.635000 0.748937
3.640000 0.709821
3.645000 0.695641
3.650000 0.776678
3.655000 0.646044
3.660000 0.806132
3.665000 0.627614
3.670000 0.806822
3.675000 0.645699
3.680000 0.790159
3.685000 0.694870
3.690000 0.741343
3.695000 0.744406
3.700000 0.696232
3.705000 0.790431
3.710000 0.648425
3.715000 0.864351
3.720000 0.655079
3.725000 0.856689
3.730000 0.710933
3.735000 0.844139
3.740000 0.775198
3.745000 0.768476
3.750000 0.832573
3.755000 0.728989
3.760000 0.881131
3.765000 0.677778
3.770000 0.852370
3.775000 0.653791
3.780000 0.831986
3.785000 0.716476
3.790000 0.771805
3.795000 0.741919
3.800000 0.694848
3.805000 0.773620
3.810000 0.613500
3.815000 0.812589
3.820000 0.632449
3.825000 0.788610
3.830000 0.647223
3.835000 0.756774
3.840000 0.674331
3.845000 0.705657
3.850000 0.778468
3.855000 0.661161
3.860000 0.816726
3.865000 0.622992
3.870000 0.829747
3.875000 0.639549
3.880000 0.792132
3.885000 0.659933
3.890000 0.729100
3.895000 0.729427
3.900000 0.662106
3.905000 0.752869
3.910000 0.623977
3.915000 0.775294
3.920000 0.588829
3.925000 0.753396
3.930000 0.586045
3.935000 0.693828
3.940000 0.612876
3.945000 0.655730
3.950000 0.697567
3.955000 0.608999
3.960000 0.744683
3.965000 0.600398
3.970000 0.819055
3.975000 0.754942
3.980000 0.937535
3.985000 0.678578
3.990000 0.726708
3.995000 0.625667
4.000000 0.543472
4.005000 0.581976
4.010000 0.479678
4.015000 0.725701
4.020000 0.512629
4.025000 0.723102
4.030000 0.555666
4.035000 0.707507
4.040000 0.615085
4.045000 0.660327
4.050000 0.676475
4.055000 0.603367
4.060000 0.732535
4.065000 0.557864
4.070000 0.738469
4.075000 0.592056
4.080000 0.758135
4.085000 0.612168
4.090000 0.723623
4.095000 0.656361
4.100000 0.657188
4.105000 0.736242
4.110000 0.588418
4.115000 0.763618
4.120000 0.580102
4.125000 0.758266
4.130000 0.589702
4.135000 0.740376
4.140000 0.633563
4.145000 0.711148
4.150000 0.706172
4.155000 0.626365
4.160000 0.757627
4.165000 0.622301
4.170000 0.814142
4.175000 0.630937
4.180000 0.818709
4.185000 0.661859
4.190000 0.797209
4.195000 0.738851
4.200000 0.745978
4.205000 0.803712
4.210000 0.703636
4.215000 0.837771
4.220000 0.653018
4.225000 0.830703
4.230000 0.613785
4.235000 0.774936
4.240000 0.641769
4.245000 0.697907
4.250000 0.685516
4.255000 0.640872
4.260000 0.730430
4.265000 0.583142
4.270000 0.771930
4.275000 0.568805
4.280000 0.746118
4.285000 0.587018
4.290000 0.723961
4.295000 0.631757
4.300000 0.670935
4.305000 0.702555
4.310000 0.608241
4.315000 0.770325
4.320000 0.580585
4.325000 0.784347
4.330000 0.584914
4.335000 0.767317
4.340000 0.611909
4.345000 0.684711
4.350000 0.661613
4.355000 0.603553
4.360000 0.676434
4.365000 0.546674
4.370000 0.712117
4.375000 0.515118
4.380000 0.711126
4.385000 0.534207
4.390000 0.678704
4.395000 0.571449
4.400000 0.604317
4.405000 0.677543
4.410000 0.598648
4.415000 0.784592
4.420000 0.726944
4.425000 0.879147
4.430000 0.627828
4.435000 0.718736
4.440000 0.558509
4.445000 0.540110
4.450000 0.503677
4.455000 0.506396
4.460000 0.621226
4.465000 0.509997
4.470000 0.670078
4.475000 0.487489
4.480000 0.679303
4.485000 0.524472
4.490000 0.642752
4.495000 0.537920
4.500000 0.591620
4.505000 0.617714
4.510000 0.530700
4.515000 0.684500
4.520000 0.490275
4.525000 0.695509
4.530000 0.496493
4.535000 0.679973
4.540000 0.557185
4.545000 0.654457
4.550000 0.597149
4.555000 0.598955
4.560000 0.653675
4.565000 0.542380
4.570000 0.704080
4.575000 0.517339
4.580000 0.708621
4.585000 0.533429
4.590000 0.693384
4.595000 0.590588
4.600000 0.643924
4.605000 0.671191
4.610000 0.606124
4.615000 0.718432
4.620000 0.592708
4.625000 0.796311
4.630000 0.588210
4.635000 0.805877
4.640000 0.626119
4.645000 0.749542
4.650000 0.662058
4.655000 0.664880
4.660000 0.710277
4.665000 0.601122
4.670000 0.719880
4.675000 0.558339
4.680000 0.725257
4.685000 0.520068
4.690000 0.694716
4.695000 0.575939
4.700000 0.633259
4.705000 0.589844
4.710000 0.557069
4.715000 0.641140
4.720000 0.517935
4.725000 0.674362
4.730000 0.494122
4.735000 0.699843
4.740000 0.534911
4.745000 0.651480
4.750000 0.561223
4.755000 0.599558
4.760000 0.636750
4.765000 0.540010
4.770000 0.692276
4.775000 0.516895
4.780000 0.723374
4.785000 0.524762
4.790000 0.665909
4.795000 0.547046
4.800000 0.611572
4.805000 0.566380
4.810000 0.527799
4.815000 0.614571
4.820000 0.461470
4.825000 0.610315
4.830000 0.422438
4.835000 0.625156
4.840000 0.431469
4.845000 0.574454
4.850000 0.517400
4.855000 0.555501
4.860000 0.625557
4.865000 0.633383
4.870000 0.839061
4.875000 0.606163
4.880000 0.716955
4.885000 0.439002
4.890000 0.575487
4.895000 0.354724
4.900000 0.458298
4.905000 0.446868
4.910000 0.465343
4.915000 0.561319
4.920000 0.413728
4.925000 0.564877
4.930000 0.381647
4.935000 0.575016
4.940000 0.399516
4.945000 0.567546
4.950000 0.449009
4.955000 0.505547
4.960000 0.517354
4.965000 0.436849
4.970000 0.551600
4.975000 0.400241
4.980000 0.592219
4.985000 0.394783
4.990000 0.599229
4.995000 0.426188
5.000000 0.551132
5.005000 0.481257
5.010000 0.479938
5.015000 0.565844
5.020000 0.429137
5.025000 0.621598
5.030000 0.409115
5.035000 0.618846
5.040000 0.446536
5.045000 0.624491
5.050000 0.507166
5.055000 0.594407
5.060000 0.598979
5.065000 0.532624
5.070000 0.658511
5.075000 0.506878
5.080000 0.698546
5.085000 0.497006
5.090000 0.700699
5.095000 0.502632
5.100000 0.609488
5.105000 0.565662
5.110000 0.567703
5.115000 0.602660
5.120000 0.467205
5.125000 0.627705
5.130000 0.411831
5.135000 0.611323
5.140000 0.407638
5.145000 0.560162
5.150000 0.458981
5.155000 0.545480
5.160000 0.507511
5.165000 0.466690
5.170000 0.578828
5.175000 0.422971
5.180000 0.597463
5.185000 0.427605
5.190000 0.610855
5.195000 0.443367
5.200000 0.561440
5.205000 0.503535
5.210000 0.527423
5.215000 0.579131
5.220000 0.482763
5.225000 0.632045
5.230000 0.444036
5.235000 0.648147
5.240000 0.446692
5.245000 0.601279
5.250000 0.440471
5.255000 0.547476
5.260000 0.498207
5.265000 0.455084
5.270000 0.544522
5.275000 0.368708
5.280000 0.559367
5.285000 0.376596
5.290000 0.565500
5.295000 0.386680
5.300000 0.596447
5.305000 0.510731
5.310000 0.572120
5.315000 0.717041
5.320000 0.666588
5.325000 0.723243
5.330000 0.422384
5.335000 0.532479
5.340000 0.269411
5.345000 0.436514
5.350000 0.311390
5.355000 0.464273
5.360000 0.441636
5.365000 0.410534
5.370000 0.486242
5.375000 0.375666
5.380000 0.519592
5.385000 0.337625
5.390000 0.535290
5.395000 0.345551
5.400000 0.483116
5.405000 0.398194
5.410000 0.426068
5.415000 0.435094
5.420000 0.391827
5.425000 0.524824
5.430000 0.361447
5.435000 0.562808
5.440000 0.343656
5.445000 0.544356
5.450000 0.398625
5.455000 0.511636
5.460000 0.463018
5.465000 0.481960
5.470000 0.546769
5.475000 0.428610
5.480000 0.595167
5.485000 0.399912
5.490000 0.614556
5.495000 0.440464
5.500000 0.602211
5.505000 0.523214
5.510000 0.565959
5.515000 0.595015
5.520000 0.542838
5.525000 0.669429
5.530000 0.501312
5.535000 0.685123
5.540000 0.478923
5.545000 0.657182
5.550000 0.462574
5.555000 0.607195
5.560000 0.520064
5.565000 0.523115
5.570000 0.575577
5.575000 0.447867
5.580000 0.597048
5.585000 0.397225
5.590000 0.588897
5.595000 0.385063
5.600000 0.565702
5.605000 0.403033
5.610000 0.470696
5.615000 0.468830
5.620000 0.444324
5.625000 0.528969
5.630000 0.387328
5.635000 0.588523
5.640000 0.402152
5.645000 0.591031
5.650000 0.420579
5.655000 0.593658
5.660000 0.500525
5.665000 0.554810
5.670000 0.573186
5.675000 0.455918
5.680000 0.594250
5.685000 0.410205
5.690000 0.600372
5.695000 0.386514
5.700000 0.572580
5.705000 0.410102
5.710000 0.491839
5.715000 0.454990
5.720000 0.415711
5.725000 0.508849
5.730000 0.366329
5.735000 0.552806
5.740000 0.353034
5.745000 0.526440
5.750000 0.399230
5.755000 0.595499
5.760000 0.589447
5.765000 0.730650
5.770000 0.690100
5.775000 0.478157
5.780000 0.506117
5.785000 0.262873
5.790000 0.424992
5.795000 0.257067
5.800000 0.496660
5.805000 0.381695
5.810000 0.483440
5.815000 0.430796
5.820000 0.431284
5.825000 0.508419
5.830000 0.364130
5.835000 0.541376
5.840000 0.337562
5.845000 0.545156
5.850000 0.348324
5.855000 0.507838
5.860000 0.395553
5.865000 0.466261
5.870000 0.489252
5.875000 0.433791
5.880000 0.525879
5.885000 0.376645
5.890000 0.571460
5.895000 0.401334
5.900000 0.584305
5.905000 0.427188
5.910000 0.535257
5.915000 0.486522
5.920000 0.493260
5.925000 0.570762
5.930000 0.453545
5.935000 0.619264
5.940000 0.473788
5.945000 0.700351
5.950000 0.494145
5.955000 0.697215
5.960000 0.563633
5.965000 0.627898
5.970000 0.649277
5.975000 0.588625
5.980000 0.705265
5.985000 0.524078
5.990000 0.705374
5.995000 0.514872
6.000000 0.699615
6.005000 0.516412
6.010000 0.621781
6.015000 0.556032
6.020000 0.560089
6.025000 0.601123
6.030000 0.495884
6.035000 0.648465
6.040000 0.463422
6.045000 0.619540
6.050000 0.453491
6.055000 0.611311
6.060000 0.495537
6.065000 0.573187
6.070000 0.536559
6.075000 0.492584
6.080000 0.626112
6.085000 0.490058
6.090000 0.657815
6.095000 0.487863
6.100000 0.641157
6.105000 0.505347
6.110000 0.652002
6.115000 0.544148
6.120000 0.588219
6.125000 0.604557
6.130000 0.547287
6.135000 0.632025
6.140000 0.441000
6.145000 0.627033
6.150000 0.416527
6.155000 0.587483
6.160000 0.438694
6.165000 0.521748
6.170000 0.478138
6.175000 0.478039
6.180000 0.559481
6.185000 0.417369
6.190000 0.611364
6.195000 0.434015
6.200000 0.655334
6.205000 0.519663
6.210000 0.787055
6.215000 0.723859
6.220000 0.660352
6.225000 0.587250
6.230000 0.436315
6.235000 0.505983
6.240000 0.344968
6.245000 0.548513
6.250000 0.395954
6.255000 0.586668
6.260000 0.441102
6.265000 0.548878
6.270000 0.483006
6.275000 0.489716
6.280000 0.572983
6.285000 0.415483
6.290000 0.600621
6.295000 0.389094
6.300000 0.608189
6.305000 0.423676
6.310000 0.588327
6.315000 0.483041
6.320000 0.525756
6.325000 0.538987
6.330000 0.481583
6.335000 0.590537
6.340000 0.423913
6.345000 0.638634
6.350000 0.416050
6.355000 0.602721
6.360000 0.454775
6.365000 0.591407
6.370000 0.539070
6.375000 0.519285
6.380000 0.624935
6.385000 0.499093
6.390000 0.665156
6.395000 0.500892
6.400000 0.709440
6.405000 0.546011
6.410000 0.692405
6.415000 0.598003
6.420000 0.662546
6.425000 0.659848
6.430000 0.570048
6.435000 0.705987
6.440000 0.557275
6.445000 0.733670
6.450000 0.527618
6.455000 0.707916
6.460000 0.491852
6.465000 0.629860
6.470000 0.574871
6.475000 0.574610
6.480000 0.595439
6.485000 0.507116
6.490000 0.633626
6.495000 0.452049
6.500000 0.651666
6.505000 0.473966
6.510000 0.608769
6.515000 0.490628
6.520000 0.586133
6.525000 0.540924
6.530000 0.496006
6.535000 0.626739
6.540000 0.469878
6.545000 0.676076
6.550000 0.468294
6.555000 0.681865
6.560000 0.517388
6.565000 0.665946
6.570000 0.564063
6.575000 0.582594
6.580000 0.634935
6.585000 0.527568
6.590000 0.654745
6.595000 0.472243
6.600000 0.626335
6.605000 0.449493
6.610000 0.609802
6.615000 0.472497
6.620000 0.542218
6.625000 0.502163
6.630000 0.487732
6.635000 0.560855
6.640000 0.425868
6.645000 0.625616
6.650000 0.472713
6.655000 0.670773
6.660000 0.598749
6.665000 0.812705
6.670000 0.623448
6.675000 0.598061
6.680000 0.575489
6.685000 0.425449
6.690000 0.531675
6.695000 0.353665
6.700000 0.581376
6.705000 0.425779
6.710000 0.616442
6.715000 0.475384
6.720000 0.563501
6.725000 0.509857
6.730000 0.485578
6.735000 0.558574
6.740000 0.450203
6.745000 0.614405
6.750000 0.408831
6.755000 0.626384
6.760000 0.415909
6.765000 0.605508
6.770000 0.496366
6.775000 0.561963
6.780000 0.541141
6.785000 0.497978
6.790000 0.632663
6.795000 0.462434
6.800000 0.655715
6.805000 0.466769
6.810000 0.650025
6.815000 0.498394
6.820000 0.603796
6.825000 0.554289
6.830000 0.576365
6.835000 0.641306
6.840000 0.546878
6.845000 0.708459
6.850000 0.528835
6.855000 0.737133
6.860000 0.583229
6.865000 0.733943
6.870000 0.631009
6.875000 0.680516
6.880000 0.674044
6.885000 0.631929
6.890000 0.737232
6.895000 0.559235
6.900000 0.738471
6.905000 0.525218
6.910000 0.708567
6.915000 0.527717
6.920000 0.660399
6.925000 0.570795
6.930000 0.587108
6.935000 0.631725
6.940000 0.521114
6.945000 0.666706
6.950000 0.476395
6.955000 0.673146
6.960000 0.483112
6.965000 0.657719
6.970000 0.508617
6.975000 0.577199
6.980000 0.584168
6.985000 0.545686
6.990000 0.643694
6.995000 0.498884
7.000000 0.677227
7.005000 0.490500
7.010000 0.716964
7.015000 0.542389
7.020000 0.666458
7.025000 0.587077
7.030000 0.632912
7.035000 0.656941
7.040000 0.573845
7.045000 0.691419
7.050000 0.495188
7.055000 0.690750
7.060000 0.494194
7.065000 0.662660
7.070000 0.503906
7.075000 0.608200
7.080000 0.539863
7.085000 0.513410
7.090000 0.592704
7.095000 0.470707
7.100000 0.675477
7.105000 0.495618
7.110000 0.755393
7.115000 0.685744
7.120000 0.843091
7.125000 0.645115
7.130000 0.588003
7.135000 0.547605
7.140000 0.316384
7.145000 0.327240
7.150000 0.149694
7.155000 0.357734
7.160000 0.219953
7.165000 0.482973
7.170000 0.324461
7.175000 0.447775
7.180000 0.390300
7.185000 0.377090
7.190000 0.520179
7.195000 0.455541
7.200000 0.684502
7.205000 0.551731
7.210000 0.766738
7.215000 0.610876
7.220000 0.794726
7.225000 0.658611
7.230000 0.705810
7.235000 0.656989
7.240000 0.536397
7.245000 0.611336
7.250000 0.449555
7.255000 0.590883
7.260000 0.400724
7.265000 0.580874
7.270000 0.400302
7.275000 0.562638
7.280000 0.524327
7.285000 0.555423
7.290000 0.638384
7.295000 0.568554
7.300000 0.739410
7.305000 0.569068
7.310000 0.798072
7.315000 0.648952
7.320000 0.805754
7.325000 0.691589
7.330000 0.760202
7.335000 0.712356
7.340000 0.652412
7.345000 0.716949
7.350000 0.529860
7.355000 0.721561
7.360000 0.507798
7.365000 0.702959
7.370000 0.527243
7.375000 0.642703
7.380000 0.555002
7.385000 0.562469
7.390000 0.643212
7.395000 0.510765
7.400000 0.667378
7.405000 0.457622
7.410000 0.640095
7.415000 0.455800
7.420000 0.644862
7.425000 0.503937
7.430000 0.602947
7.435000 0.587963
7.440000 0.562032
7.445000 0.645153
7.450000 0.522308
7.455000 0.695284
7.460000 0.487974
7.465000 0.696195
7.470000 0.543289
7.475000 0.697185
7.480000 0.612134
7.485000 0.625161
7.490000 0.673310
7.495000 0.547449
7.500000 0.683979
7.505000 0.528949
7.510000 0.698990
7.515000 0.474499
7.520000 0.647219
7.525000 0.498179
7.530000 0.584110
7.535000 0.544223
7.540000 0.541142
7.545000 0.605309
7.550000 0.488763
7.555000 0.668345
7.560000 0.526602
7.565000 0.766156
7.570000 0.675933
7.575000 0.890059
7.580000 0.730255
7.585000 0.684028
7.590000 0.596331
7.595000 0.403865
7.600000 0.504514
7.605000 0.357338
7.610000 0.572601
7.615000 0.407529
7.620000 0.623443
7.625000 0.463091
7.630000 0.573852
7.635000 0.502451
7.640000 0.496286
7.645000 0.567981
7.650000 0.458197
7.655000 0.629984
7.660000 0.426581
7.665000 0.636842
7.670000 0.448943
7.675000 0.618911
7.680000 0.503985
7.685000 0.581250
7.690000 0.591889
7.695000 0.535024
7.700000 0.652825
7.705000 0.524961
7.710000 0.663817
7.715000 0.490376
7.720000 0.669859
7.725000 0.522345
7.730000 0.635966
7.735000 0.569834
7.740000 0.607999
7.745000 0.671687
7.750000 0.571519
7.755000 0.753316
7.760000 0.563427
7.765000 0.759854
7.770000 0.569283
7.775000 0.759009
7.780000 0.633790
7.785000 0.691592
7.790000 0.677094
7.795000 0.631445
7.800000 0.721249
7.805000 0.577982
7.810000 0.739020
7.815000 0.523511
7.820000 0.698960
7.825000 0.534071
7.830000 0.665313
7.835000 0.560467
7.840000 0.597500
7.845000 0.611240
7.850000 0.513158
7.855000 0.650537
7.860000 0.480122
7.865000 0.684647
7.870000 0.478933
7.875000 0.658459
7.880000 0.521608
7.885000 0.606739
7.890000 0.582329
7.895000 0.541782
7.900000 0.646655
7.905000 0.504663
7.910000 0.685744
7.915000 0.495852
7.920000 0.709008
7.925000 0.547101
7.930000 0.678113
7.935000 0.594930
7.940000 0.644267
7.945000 0.655808
7.950000 0.566397
7.955000 0.674869
7.960000 0.491735
7.965000 0.689063
7.970000 0.470619
7.975000 0.638171
7.980000 0.486550
7.985000 0.578448
7.990000 0.527516
7.995000 0.525971
8.000000 0.590316
8.005000 0.433052
8.010000 0.635341
8.015000 0.470132
8.020000 0.705143
8.025000 0.609371
8.030000 0.864105
8.035000 0.701822
8.040000 0.673359
8.045000 0.570910
8.050000 0.398724
8.055000 0.493045
8.060000 0.352007
8.065000 0.570502
8.070000 0.448488
8.075000 0.613487
8.080000 0.460292
8.085000 0.586861
8.090000 0.534541
8.095000 0.536810
8.100000 0.605960
8.105000 0.460171
8.110000 0.649780
8.115000 0.447692
8.120000 0.640791
8.125000 0.478997
8.130000 0.637509
8.135000 0.514050
8.140000 0.570976
8.145000 0.585937
8.150000 0.517074
8.155000 0.640401
8.160000 0.509668
8.165000 0.671059
8.170000 0.471539
8.175000 0.702654
8.180000 0.536514
8.185000 0.674894
8.190000 0.589701
8.195000 0.597104
8.200000 0.663110
8.205000 0.578669
8.210000 0.732195
8.215000 0.569805
8.220000 0.770327
8.225000 0.598353
8.230000 0.752989
8.235000 0.629621
8.240000 0.723576
8.245000 0.700021
8.250000 0.644243
8.255000 0.742586
8.260000 0.576454
8.265000 0.748097
8.270000 0.543301
8.275000 0.749141
8.280000 0.554646
8.285000 0.678965
8.290000 0.579472
8.295000 0.616686
8.300000 0.620894
8.305000 0.545192
8.310000 0.668319
8.315000 0.494283
8.320000 0.679303
8.325000 0.491989
8.330000 0.647567
8.335000 0.538011
8.340000 0.602189
8.345000 0.574602
8.350000 0.546966
8.355000 0.660482
8.360000 0.530957
8.365000 0.697139
8.370000 0.516229
8.375000 0.721915
8.380000 0.570343
8.385000 0.692807
8.390000 0.602018
8.395000 0.608371
8.400000 0.669800
8.405000 0.563548
8.410000 0.694003
8.415000 0.511936
8.420000 0.696045
8.425000 0.497327
8.430000 0.644560
8.435000 0.498327
8.440000 0.598682
8.445000 0.549563
8.450000 0.540332
8.455000 0.616167
8.460000 0.471705
8.465000 0.650380
8.470000 0.516899
8.475000 0.734569
8.480000 0.602207
8.485000 0.855022
8.490000 0.711811
8.495000 0.669204
8.500000 0.606243
8.505000 0.443538
8.510000 0.552245
8.515000 0.382548
8.520000 0.598155
8.525000 0.438463
8.530000 0.615339
8.535000 0.447906
8.540000 0.555465
8.545000 0.521214
8.550000 0.515084
8.555000 0.588218
8.560000 0.470740
8.565000 0.614535
8.570000 0.434548
8.575000 0.650584
8.580000 0.448995
8.585000 0.641802
8.590000 0.499020
8.595000 0.577734
8.600000 0.571752
8.605000 0.532641
8.610000 0.631366
8.615000 0.486124
8.620000 0.687925
8.625000 0.485292
8.630000 0.692656
8.635000 0.526661
8.640000 0.670187
8.645000 0.589809
8.650000 0.618462
8.655000 0.672258
8.660000 0.573629
8.665000 0.720417
8.670000 0.548891
8.675000 0.755915
8.680000 0.585792
8.685000 0.754728
8.690000 0.593903
8.695000 0.700989
8.700000 0.663711
8.705000 0.607959
8.710000 0.704069
8.715000 0.541198
8.720000 0.710363
8.725000 0.497422
8.730000 0.682073
8.735000 0.519280
8.740000 0.642421
8.745000 0.547288
8.750000 0.571604
8.755000 0.591840
8.760000 0.501948
8.765000 0.629586
8.770000 0.473821
8.775000 0.651548
8.780000 0.450070
8.785000 0.634249
8.790000 0.482056
8.795000 0.583346
8.800000 0.540319
8.805000 0.518442
8.810000 0.601725
8.815000 0.454561
8.820000 0.654021
8.825000 0.467805
8.830000 0.665215
8.835000 0.483618
8.840000 0.618646
8.845000 0.510117
8.850000 0.555963
8.855000 0.586747
8.860000 0.468668
8.865000 0.596611
8.870000 0.409359
8.875000 0.621430
8.880000 0.388084
8.885000 0.560769
8.890000 0.423663
8.895000 0.495654
8.900000 0.472347
8.905000 0.429099
8.910000 0.538363
8.915000 0.402980
8.920000 0.597855
8.925000 0.431894
8.930000 0.631137
8.935000 0.554602
8.940000 0.737901
8.945000 0.600789
8.950000 0.588325
8.955000 0.542236
8.960000 0.424465
8.965000 0.492897
8.970000 0.330876
8.975000 0.560597
8.980000 0.397115
8.985000 0.598529
8.990000 0.410230
8.995000 0.521947
9.000000 0.486859
9.005000 0.477820
9.010000 0.539596
9.015000 0.415341
9.020000 0.569396
9.025000 0.377164
9.030000 0.582409
9.035000 0.399036
9.040000 0.552171
9.045000 0.431539
9.050000 0.532230
9.055000 0.512759
9.060000 0.452939
9.065000 0.565771
9.070000 0.414997
9.075000 0.626656
9.080000 0.412924
9.085000 0.636280
9.090000 0.473932
9.095000 0.596182
9.100000 0.535206
9.105000 0.574843
9.110000 0.619947
9.115000 0.514196
9.120000 0.683360
9.125000 0.512503
9.130000 0.717347
9.135000 0.521408
9.140000 0.728781
9.145000 0.593310
9.150000 0.680064
9.155000 0.651966
9.160000 0.606146
9.165000 0.701779
9.170000 0.539445
9.175000 0.711710
9.180000 0.488164
9.185000 0.673609
9.190000 0.481925
9.195000 0.632045
9.200000 0.568146
9.205000 0.574046
9.210000 0.590331
9.215000 0.496402
9.220000 0.654262
9.225000 0.467929
9.230000 0.661768
9.235000 0.468270
9.240000 0.650064
9.245000 0.506299
9.250000 0.590862
9.255000 0.579480
9.260000 0.560196
9.265000 0.651640
9.270000 0.526470
9.275000 0.699128
9.280000 0.514468
9.285000 0.730833
9.290000 0.531766
9.295000 0.685552
9.300000 0.597739
9.305000 0.635511
9.310000 0.635042
9.315000 0.557101
9.320000 0.669096
9.325000 0.499019
9.330000 0.680187
9.335000 0.486819
9.340000 0.653690
9.345000 0.499590
9.350000 0.602722
9.355000 0.546748
9.360000 0.530167
9.365000 0.630381
9.370000 0.527648
9.375000 0.697458
9.380000 0.534209
9.385000 0.836923
9.390000 0.697460
9.395000 0.791463
9.400000 0.595646
9.405000 0.598884
9.410000 0.551401
9.415000 0.425313
9.420000 0.578646
9.425000 0.439110
9.430000 0.664013
9.435000 0.468497
9.440000 0.667559
9.445000 0.497945
9.450000 0.632859
9.455000 0.560998
9.460000 0.573273
9.465000 0.642438
9.470000 0.513194
9.475000 0.689349
9.480000 0.525835
9.485000 0.678472
9.490000 0.519722
9.495000 0.691647
9.500000 0.567933
9.505000 0.638444
9.510000 0.640467
9.515000 0.589526
9.520000 0.694212
9.525000 0.548678
9.530000 0.734805
9.535000 0.559365
9.540000 0.734057
9.545000 0.599315
9.550000 0.720535
9.555000 0.649772
9.560000 0.695106
9.565000 0.732899
9.570000 0.652154
9.575000 0.810706
9.580000 0.641548
9.585000 0.840565
9.590000 0.659191
9.595000 0.835788
9.600000 0.708581
9.605000 0.761317
9.610000 0.760900
9.615000 0.733542
9.620000 0.806416
9.625000 0.661397
9.630000 0.823339
9.635000 0.609920
9.640000 0.801079
9.645000 0.644390
9.650000 0.758003
9.655000 0.664629
9.660000 0.691286
9.665000 0.735956
9.670000 0.635190
9.675000 0.764294
9.680000 0.579513
9.685000 0.761915
9.690000 0.558353
9.695000 0.736518
9.700000 0.631541
9.705000 0.728394
9.710000 0.694956
9.715000 0.673693
9.720000 0.741842
9.725000 0.611753
9.730000 0.825830
9.735000 0.622515
9.740000 0.796085
9.745000 0.620802
9.750000 0.793834
9.755000 0.673623
9.760000 0.692301
9.765000 0.702337
9.770000 0.614818
9.775000 0.732380
9.780000 0.561033
9.785000 0.729855
9.790000 0.537112
9.795000 0.711548
9.800000 0.551239
9.805000 0.676647
9.810000 0.622488
9.815000 0.646603
9.820000 0.734437
9.825000 0.637525
9.830000 0.845421
9.835000 0.758365
9.840000 0.945093
9.845000 0.607154
9.850000 0.686749
9.855000 0.520746
9.860000 0.533898
9.865000 0.532016
9.870000 0.509839
9.875000 0.644154
9.880000 0.508868
9.885000 0.709638
9.890000 0.504407
9.895000 0.704944
9.900000 0.541827
9.905000 0.684576
9.910000 0.595190
9.915000 0.595073
9.920000 0.665268
9.925000 0.539812
9.930000 0.723340
9.935000 0.525742
9.940000 0.719712
9.945000 0.532235
9.950000 0.683676
9.955000 0.579309
9.960000 0.656747
9.965000 0.652359
9.970000 0.620322
9.975000 0.718204
9.980000 0.568853
9.985000 0.759841
9.990000 0.556365
9.995000 0.755070
10.000000 0.608557
10.005000 0.727660
10.010000 0.669344
10.015000 0.692075
10.020000 0.724510
10.025000 0.645713
10.030000 0.801778
10.035000 0.652898
10.040000 0.828790
10.045000 0.628542
10.050000 0.805585
10.055000 0.669413
10.060000 0.725739
10.065000 0.701028
10.070000 0.679695
10.075000 0.745348
10.080000 0.576743
10.085000 0.737093
10.090000 0.564769
10.095000 0.737081
10.100000 0.561012
10.105000 0.686140
10.110000 0.584719
10.115000 0.631409
10.120000 0.641730
10.125000 0.570848
10.130000 0.677952
10.135000 0.519810
10.140000 0.688338
10.145000 0.505531
10.150000 0.698737
10.155000 0.537321
10.160000 0.634343
10.165000 0.614472
10.170000 0.590253
10.175000 0.713101
10.180000 0.553270
10.185000 0.734996
10.190000 0.534513
10.195000 0.709374
10.200000 0.517990
10.205000 0.663303
10.210000 0.548228
10.215000 0.588822
10.220000 0.581061
10.225000 0.504295
10.230000 0.625278
10.235000 0.452521
10.240000 0.645393
10.245000 0.439522
10.250000 0.632298
10.255000 0.475912
10.260000 0.582897
10.265000 0.549410
10.270000 0.570034
10.275000 0.681818
10.280000 0.653412
10.285000 0.861101
10.290000 0.545264
10.295000 0.613442
10.300000 0.348179
10.305000 0.477035
10.310000 0.356326
10.315000 0.463606
10.320000 0.518233
10.325000 0.455828
10.330000 0.575133
10.335000 0.409261
10.340000 0.614594
10.345000 0.404503
10.350000 0.603082
10.355000 0.443949
10.360000 0.548805
10.365000 0.492900
10.370000 0.486740
10.375000 0.561853
10.380000 0.441698
10.385000 0.624079
10.390000 0.415106
10.395000 0.617207
10.400000 0.420638
10.405000 0.611576
10.410000 0.464219
10.415000 0.547670
10.420000 0.543656
10.425000 0.495168
10.430000 0.590286
10.435000 0.481049
10.440000 0.642521
10.445000 0.459090
10.450000 0.645274
10.455000 0.501606
10.460000 0.627526
10.465000 0.574168
10.470000 0.597420
10.475000 0.643309
10.480000 0.554536
10.485000 0.696090
10.490000 0.528859
10.495000 0.724748
10.500000 0.525296
10.505000 0.688658
10.510000 0.517185
10.515000 0.591496
10.520000 0.575189
10.525000 0.525766
10.530000 0.603921
10.535000 0.444374
10.540000 0.629177
10.545000 0.433087
10.550000 0.591140
10.555000 0.421780
10.560000 0.551448
10.565000 0.460001
10.570000 0.465663
10.575000 0.505855
10.580000 0.427314
10.585000 0.555783
10.590000 0.387249
10.595000 0.584181
10.600000 0.394251
10.605000 0.554092
10.610000 0.429232
10.615000 0.533338
10.620000 0.509947
10.625000 0.462718
10.630000 0.545035
10.635000 0.417194
10.640000 0.595802
10.645000 0.388288
10.650000 0.576009
10.655000 0.366404
10.660000 0.517429
10.665000 0.412643
10.670000 0.444691
10.675000 0.456900
10.680000 0.370421
10.685000 0.488208
10.690000 0.327042
10.695000 0.506200
10.700000 0.306998
10.705000 0.502290
10.710000 0.391705
10.715000 0.485533
10.720000 0.504263
10.725000 0.568711
10.730000 0.659394
10.735000 0.462738
10.740000 0.542160
10.745000 0.318605
10.750000 0.431984
10.755000 0.246201
10.760000 0.419086
10.765000 0.309733
10.770000 0.400850
10.775000 0.427922
10.780000 0.348892
10.785000 0.464509
10.790000 0.312712
10.795000 0.507845
10.800000 0.303918
10.805000 0.492571
10.810000 0.330805
10.815000 0.473477
10.820000 0.405817
10.825000 0.412265
10.830000 0.451118
10.835000 0.371946
10.840000 0.506611
10.845000 0.339329
10.850000 0.535592
10.855000 0.337583
10.860000 0.524346
10.865000 0.356886
10.870000 0.446651
10.875000 0.460788
10.880000 0.406394
10.885000 0.496853
10.890000 0.359323
10.895000 0.566878
10.900000 0.376988
10.905000 0.570999
10.910000 0.410497
10.915000 0.548511
10.920000 0.463868
10.925000 0.504256
10.930000 0.551532
10.935000 0.457907
10.940000 0.603542
10.945000 0.406415
10.950000 0.590856
10.955000 0.388665
10.960000 0.577620
10.965000 0.406559
10.970000 0.484907
10.975000 0.441657
10.980000 0.406876
10.985000 0.485310
10.990000 0.364055
10.995000 0.520692
11.000000 0.307353
11.005000 0.505351
11.010000 0.342807
11.015000 0.471156
11.020000 0.384804
11.025000 0.425973
11.030000 0.440465
11.035000 0.372767
11.040000 0.500878
11.045000 0.336292
11.050000 0.526349
11.055000 0.332666
11.060000 0.545377
11.065000 0.385863
11.070000 0.489952
11.075000 0.439617
11.080000 0.422971
11.085000 0.510034
11.090000 0.390138
11.095000 0.535520
11.100000 0.308558
11.105000 0.524201
11.110000 0.333238
11.115000 0.477388
11.120000 0.360960
11.125000 0.408112
11.130000 0.409732
11.135000 0.314881
11.140000 0.463103
11.145000 0.305552
11.150000 0.490905
11.155000 0.311557
11.160000 0.536232
11.165000 0.400845
11.170000 0.615974
11.175000 0.585000
11.180000 0.486248
11.185000 0.504549
11.190000 0.335351
11.195000 0.418988
11.200000 0.212179
11.205000 0.439285
11.210000 0.288733
11.215000 0.438717
11.220000 0.349356
11.225000 0.422029
11.230000 0.405120
11.235000 0.357066
11.240000 0.494316
11.245000 0.315504
11.250000 0.504477
11.255000 0.286895
11.260000 0.477501
11.265000 0.350039
11.270000 0.467715
11.275000 0.403064
11.280000 0.418685
11.285000 0.460558
11.290000 0.347307
11.295000 0.511725
11.300000 0.320134
11.305000 0.539707
11.310000 0.335713
11.315000 0.536973
11.320000 0.396912
11.325000 0.476848
11.330000 0.480435
11.335000 0.437783
11.340000 0.549782
11.345000 0.390819
11.350000 0.593134
11.355000 0.399738
11.360000 0.604691
11.365000 0.439056
11.370000 0.578201
11.375000 0.521600
11.380000 0.568588
11.385000 0.588570
11.390000 0.475052
11.395000 0.603651
11.400000 0.450251
11.405000 0.610849
11.410000 0.420809
11.415000 0.575053
11.420000 0.427665
11.425000 0.520602
11.430000 0.487427
11.435000 0.470564
11.440000 0.527408
11.445000 0.396778
11.450000 0.567760
11.455000 0.369439
11.460000 0.542032
11.465000 0.377286
11.470000 0.532412
11.475000 0.411989
11.480000 0.465903
11.485000 0.516594
11.490000 0.448702
11.495000 0.538557
11.500000 0.383744
11.505000 0.601232
11.510000 0.427746
11.515000 0.608630
11.520000 0.451137
11.525000 0.537125
11.530000 0.504135
11.535000 0.491636
11.540000 0.555432
11.545000 0.417466
11.550000 0.573845
11.555000 0.379528
11.560000 0.555414
11.565000 0.366397
11.570000 0.514070
11.575000 0.393455
11.580000 0.452448
11.585000 0.464006
11.590000 0.382133
11.595000 0.520193
11.600000 0.419751
11.605000 0.624631
11.610000 0.481871
11.615000 0.770351
11.620000 0.587323
11.625000 0.612963
11.630000 0.499853
11.635000 0.437474
11.640000 0.442526
11.645000 0.312499
11.650000 0.507614
11.655000 0.339445
11.660000 0.550891
11.665000 0.382123
11.670000 0.541030
11.675000 0.420456
11.680000 0.465025
11.685000 0.459788
11.690000 0.431161
11.695000 0.571585
11.700000 0.378451
11.705000 0.569659
11.710000 0.380463
11.715000 0.566522
11.720000 0.409967
11.725000 0.533475
11.730000 0.477434
11.735000 0.491711
11.740000 0.559182
11.745000 0.458020
11.750000 0.601012
11.755000 0.403568
11.760000 0.638585
11.765000 0.466396
11.770000 0.613693
11.775000 0.493213
11.780000 0.580903
11.785000 0.555134
11.790000 0.538176
11.795000 0.644934
11.800000 0.508392
11.805000 0.695342
11.810000 0.498635
11.815000 0.722084
11.820000 0.556489
11.825000 0.685355
11.830000 0.587300
11.835000 0.611951
11.840000 0.638771
11.845000 0.545091
11.850000 0.679576
11.855000 0.517743
11.860000 0.708286
11.865000 0.468588
11.870000 0.639671
11.875000 0.499202
11.880000 0.591674
11.885000 0.556030
11.890000 0.528372
11.895000 0.597931
11.900000 0.467949
11.905000 0.657432
11.910000 0.460271
11.915000 0.640961
11.920000 0.456626
11.925000 0.635382
11.930000 0.527414
11.935000 0.564226
11.940000 0.604943
11.945000 0.523719
11.950000 0.670169
11.955000 0.488340
11.960000 0.686018
11.965000 0.500521
11.970000 0.683906
11.975000 0.542226
11.980000 0.621873
11.985000 0.564260
11.990000 0.543902
11.995000 0.617148
12.000000 0.476428
12.005000 0.641844
12.010000 0.452815
12.015000 0.647342
12.020000 0.460142
12.025000 0.601835
12.030000 0.489842
12.035000 0.537405
12.040000 0.577209
12.045000 0.532111
12.050000 0.684110
12.055000 0.589956
12.060000 0.873862
12.065000 0.653322
12.070000 0.745729
12.075000 0.514196
12.080000 0.591289
12.085000 0.477461
12.090000 0.482544
12.095000 0.559384
12.100000 0.477173
12.105000 0.651870
12.110000 0.454693
12.115000 0.664819
12.120000 0.489465
12.125000 0.658715
12.130000 0.529530
12.135000 0.592155
12.140000 0.586369
12.145000 0.533481
12.150000 0.655111
12.155000 0.489520
12.160000 0.699970
12.165000 0.506417
12.170000 0.702983
12.175000 0.522031
12.180000 0.669756
12.185000 0.593160
12.190000 0.598355
12.195000 0.646792
12.200000 0.565498
12.205000 0.708758
12.210000 0.532134
12.215000 0.741739
12.220000 0.566092
12.225000 0.737191
12.230000 0.623206
12.235000 0.696094
12.240000 0.687584
12.245000 0.668125
12.250000 0.765108
12.255000 0.641732
12.260000 0.812800
12.265000 0.622652
12.270000 0.833953
12.275000 0.651440
12.280000 0.776728
12.285000 0.690397
12.290000 0.736017
12.295000 0.750931
12.300000 0.645195
12.305000 0.781895
12.310000 0.599908
12.315000 0.751132
12.320000 0.587881
12.325000 0.744451
12.330000 0.593649
12.335000 0.678655
12.340000 0.658494
12.345000 0.626393
12.350000 0.718172
12.355000 0.544964
12.360000 0.738633
12.365000 0.544108
12.370000 0.747102
12.375000 0.594112
12.380000 0.725264
12.385000 0.629760
12.390000 0.683491
12.395000 0.725204
12.400000 0.666119
12.405000 0.778027
12.410000 0.598593
12.415000 0.774972
12.420000 0.593895
12.425000 0.764036
12.430000 0.577825
12.435000 0.693587
12.440000 0.645422
12.445000 0.588551
12.450000 0.678273
12.455000 0.556714
12.460000 0.712323
12.465000 0.511839
12.470000 0.713340
12.475000 0.544955
12.480000 0.715212
12.485000 0.597908
12.490000 0.679356
12.495000 0.689118
12.500000 0.709490
12.505000 0.930651
12.510000 0.710078
12.515000 0.811275
12.520000 0.535364
12.525000 0.677558
12.530000 0.448686
12.535000 0.588461
12.540000 0.552426
12.545000 0.590664
12.550000 0.649183
12.555000 0.533660
12.560000 0.708338
12.565000 0.528680
12.570000 0.717369
12.575000 0.541597
12.580000 0.700190
12.585000 0.578204
12.590000 0.643907
12.595000 0.630848
12.600000 0.587366
12.605000 0.701872
12.610000 0.560744
12.615000 0.742830
12.620000 0.574796
12.625000 0.728886
12.630000 0.584585
12.635000 0.712816
12.640000 0.640620
12.645000 0.662322
12.650000 0.714596
12.655000 0.617863
12.660000 0.791416
12.665000 0.624572
12.670000 0.803009
12.675000 0.604134
12.680000 0.783412
12.685000 0.672118
12.690000 0.784441
12.695000 0.756066
12.700000 0.725402
12.705000 0.832197
12.710000 0.676283
12.715000 0.879169
12.720000 0.670365
12.725000 0.850807
12.730000 0.677906
12.735000 0.818753
12.740000 0.701008
12.745000 0.739183
12.750000 0.757283
12.755000 0.653866
12.760000 0.786044
12.765000 0.611636
12.770000 0.777961
12.775000 0.582728
12.780000 0.778451
12.785000 0.627346
12.790000 0.698841
12.795000 0.682876
12.800000 0.665365
12.805000 0.718331
12.810000 0.605575
12.815000 0.766323
12.820000 0.586382
12.825000 0.766890
12.830000 0.589664
12.835000 0.766184
12.840000 0.672783
12.845000 0.712634
12.850000 0.734722
12.855000 0.670917
12.860000 0.782877
12.865000 0.609746
12.870000 0.798564
12.875000 0.588774
12.880000 0.758842
12.885000 0.588753
12.890000 0.689811
12.895000 0.631962
12.900000 0.612989
12.905000 0.687268
12.910000 0.557936
12.915000 0.715561
12.920000 0.555376
12.925000 0.738320
12.930000 0.548590
12.935000 0.761797
12.940000 0.655685
12.945000 0.781557
12.950000 0.866706
12.955000 0.766721
12.960000 0.824273
12.965000 0.593706
12.970000 0.712255
12.975000 0.455163
12.980000 0.640681
12.985000 0.519559
12.990000 0.658761
12.995000 0.601954
13.000000 0.624485
13.005000 0.694732
13.010000 0.562856
13.015000 0.723826
13.020000 0.544739
13.025000 0.724839
13.030000 0.535398
13.035000 0.709178
13.040000 0.580416
13.045000 0.671966
13.050000 0.631069
13.055000 0.604593
13.060000 0.722905
13.065000 0.570554
13.070000 0.737157
13.075000 0.575449
13.080000 0.752358
13.085000 0.591059
13.090000 0.734631
13.095000 0.651179
13.100000 0.658111
13.105000 0.715974
13.110000 0.632084
13.115000 0.768077
13.120000 0.589087
13.125000 0.816298
13.130000 0.621405
13.135000 0.807967
13.140000 0.681445
13.145000 0.786839
13.150000 0.738294
13.155000 0.726184
13.160000 0.816286
13.165000 0.674797
13.170000 0.836366
13.175000 0.658299
13.180000 0.834603
13.185000 0.649184
13.190000 0.786491
13.195000 0.684852
13.200000 0.709119
13.205000 0.722321
13.210000 0.621850
13.215000 0.750771
13.220000 0.601048
13.225000 0.768214
13.230000 0.580046
13.235000 0.745549
13.240000 0.603008
13.245000 0.695809
13.250000 0.662253
13.255000 0.618280
13.260000 0.705271
13.265000 0.584693
13.270000 0.762752
13.275000 0.570815
13.280000 0.783096
13.285000 0.588453
13.290000 0.754625
13.295000 0.651185
13.300000 0.692506
13.305000 0.728330
13.310000 0.613297
13.315000 0.757446
13.320000 0.584771
13.325000 0.767635
13.330000 0.564197
13.335000 0.733601
13.340000 0.582408
13.345000 0.688411
13.350000 0.615721
13.355000 0.615604
13.360000 0.692710
13.365000 0.549559
13.370000 0.735988
13.375000 0.542627
13.380000 0.743604
13.385000 0.567157
13.390000 0.761053
13.395000 0.699356
13.400000 0.837775
13.405000 0.827531
13.410000 0.674731
13.415000 0.735685
13.420000 0.540502
13.425000 0.687063
13.430000 0.442690
13.435000 0.673905
13.440000 0.515076
13.445000 0.660547
13.450000 0.589526
13.455000 0.612901
13.460000 0.655059
13.465000 0.555045
13.470000 0.699764
13.475000 0.535301
13.480000 0.752087
13.485000 0.521963
13.490000 0.692182
13.495000 0.591496
13.500000 0.654151
13.505000 0.636650
13.510000 0.594203
13.515000 0.718641
13.520000 0.559656
13.525000 0.731821
13.530000 0.554648
13.535000 0.758250
13.540000 0.574086
13.545000 0.716291
13.550000 0.635197
13.555000 0.664060
13.560000 0.727776
13.565000 0.607175
13.570000 0.772003
13.575000 0.610264
13.580000 0.812774
13.585000 0.623282
13.590000 0.807305
13.595000 0.687434
13.600000 0.767503
13.605000 0.767898
13.610000 0.731684
13.615000 0.817258
13.620000 0.679605
13.625000 0.828003
13.630000 0.634054
13.635000 0.829010
13.640000 0.662334
13.645000 0.761965
13.650000 0.679567
13.655000 0.693268
13.660000 0.703010
13.665000 0.606231
13.670000 0.751049
13.675000 0.567505
13.680000 0.759786
13.685000 0.566098
13.690000 0.739914
13.695000 0.577665
13.700000 0.674963
13.705000 0.637869
13.710000 0.620134
13.715000 0.712210
13.720000 0.593437
13.725000 0.753171
13.730000 0.577881
13.735000 0.777229
13.740000 0.603369
13.745000 0.752763
13.750000 0.627460
13.755000 0.701465
13.760000 0.708383
13.765000 0.647794
13.770000 0.758311
13.775000 0.569809
13.780000 0.757552
13.785000 0.561151
13.790000 0.746254
13.795000 0.577772
13.800000 0.682167
13.805000 0.612459
13.810000 0.625465
13.815000 0.674526
13.820000 0.535157
13.825000 0.702353
13.830000 0.523061
13.835000 0.767060
13.840000 0.617263
13.845000 0.775566
13.850000 0.773239
13.855000 0.839832
13.860000 0.748698
13.865000 0.636991
13.870000 0.703136
13.875000 0.471872
13.880000 0.613655
13.885000 0.455697
13.890000 0.688744
13.895000 0.528530
13.900000 0.648224
13.905000 0.583610
13.910000 0.608417
13.915000 0.648121
13.920000 0.547443
13.925000 0.696512
13.930000 0.514605
13.935000 0.705631
13.940000 0.529983
13.945000 0.696574
13.950000 0.568972
13.955000 0.626791
13.960000 0.628192
13.965000 0.605014
13.970000 0.713822
13.975000 0.571457
13.980000 0.735236
13.985000 0.510106
13.990000 0.750557
13.995000 0.574426
14.000000 0.708613
14.005000 0.638733
14.010000 0.680124
14.015000 0.720931
14.020000 0.626066
14.025000 0.773503
14.030000 0.604890
14.035000 0.814468
14.040000 0.631092
14.045000 0.799335
14.050000 0.683346
14.055000 0.766903
14.060000 0.751445
14.065000 0.712208
14.070000 0.783824
14.075000 0.662706
14.080000 0.819440
14.085000 0.620871
14.090000 0.811089
14.095000 0.621924
14.100000 0.744447
14.105000 0.639276
14.110000 0.690826
14.115000 0.685528
14.120000 0.608135
14.125000 0.752509
14.130000 0.567999
14.135000 0.753217
14.140000 0.566747
14.145000 0.744681
14.150000 0.594904
14.155000 0.692321
14.160000 0.645768
14.165000 0.626463
14.170000 0.700294
14.175000 0.590651
14.180000 0.748652
14.185000 0.542623
14.190000 0.763077
14.195000 0.574092
14.200000 0.748695
14.205000 0.634216
14.210000 0.702723
14.215000 0.693507
14.220000 0.630777
14.225000 0.740937
14.230000 0.576106
14.235000 0.759316
14.240000 0.545775
14.245000 0.727375
14.250000 0.562170
14.255000 0.666970
14.260000 0.594831
14.265000 0.593080
14.270000 0.669530
14.275000 0.549876
14.280000 0.701677
14.285000 0.510771
14.290000 0.772918
14.295000 0.611304
14.300000 0.838659
14.305000 0.801574
14.310000 0.812063
14.315000 0.717747
14.320000 0.614790
14.325000 0.657262
14.330000 0.433165
14.335000 0.644192
14.340000 0.455042
14.345000 0.691985
14.350000 0.531881
14.355000 0.665709
14.360000 0.585507
14.365000 0.583371
14.370000 0.644221
14.375000 0.540159
14.380000 0.695260
14.385000 0.488405
14.390000 0.730027
14.395000 0.530930
14.400000 0.703906
14.405000 0.553785
14.410000 0.642803
14.415000 0.641376
14.420000 0.577235
14.425000 0.690395
14.430000 0.582550
14.435000 0.725196
14.440000 0.554550
14.445000 0.735293
14.450000 0.560080
14.455000 0.714141
14.460000 0.636796
14.465000 0.655161
14.470000 0.699056
14.475000 0.637573
14.480000 0.772520
14.485000 0.599737
14.490000 0.798727
14.495000 0.615037
14.500000 0.820983
14.505000 0.684570
14.510000 0.792582
14.515000 0.755043
14.520000 0.728763
14.525000 0.783676
14.530000 0.650453
14.535000 0.800143
14.540000 0.600426
14.545000 0.808960
14.550000 0.589451
14.555000 0.747861
14.560000 0.655053
14.565000 0.686764
14.570000 0.681366
14.575000 0.599434
14.580000 0.720464
14.585000 0.550906
14.590000 0.747688
14.595000 0.535309
14.600000 0.734132
14.605000 0.569973
14.610000 0.680963
14.615000 0.650105
14.620000 0.635992
14.625000 0.718416
14.630000 0.589700
14.635000 0.755816
14.640000 0.570967
14.645000 0.786949
14.650000 0.589197
14.655000 0.753577
14.660000 0.622513
14.665000 0.680312
14.670000 0.671858
14.675000 0.594480
14.680000 0.731059
14.685000 0.549595
14.690000 0.737082
14.695000 0.516686
14.700000 0.687844
14.705000 0.534513
14.710000 0.656068
14.715000 0.594615
14.720000 0.603686
14.725000 0.658369
14.730000 0.534286
14.735000 0.709885
14.740000 0.561290
14.745000 0.762505
14.750000 0.653495
14.755000 0.918260
14.760000 0.759609
14.765000 0.738308
14.770000 0.649564
14.775000 0.519402
14.780000 0.582847
14.785000 0.430404
14.790000 0.667686
14.795000 0.487783
14.800000 0.703019
14.805000 0.515863
14.810000 0.654856
14.815000 0.584971
14.820000 0.584685
14.825000 0.657625
14.830000 0.528060
14.835000 0.684669
14.840000 0.486647
14.845000 0.702750
14.850000 0.513743
14.855000 0.694470
14.860000 0.553401
14.865000 0.641840
14.870000 0.609152
14.875000 0.596453
14.880000 0.699978
14.885000 0.539518
14.890000 0.720875
14.895000 0.529180
14.900000 0.729188
14.905000 0.571148
14.910000 0.693813
14.915000 0.618666
14.920000 0.663677
14.925000 0.713683
14.930000 0.627001
14.935000 0.780933
14.940000 0.590633
14.945000 0.817251
14.950000 0.632671
14.955000 0.804462
14.960000 0.685536
14.965000 0.762595
14.970000 0.739010
14.975000 0.701978
14.980000 0.793499
14.985000 0.639624
14.990000 0.777861
14.995000 0.607706
15.000000 0.777016
15.005000 0.572517
15.010000 0.722101
15.015000 0.604557
15.020000 0.641993
15.025000 0.682691
15.030000 0.586408
15.035000 0.703966
15.040000 0.544458
15.045000 0.748656
15.050000 0.524588
15.055000 0.718123
15.060000 0.560304
15.065000 0.658327
15.070000 0.598043
15.075000 0.628304
15.080000 0.685177
15.085000 0.569858
15.090000 0.729578
15.095000 0.537320
15.100000 0.752099
15.105000 0.558651
15.110000 0.721526
15.115000 0.598916
15.120000 0.675205
15.125000 0.647523
15.130000 0.594157
15.135000 0.689024
15.140000 0.534503
15.145000 0.727914
15.150000 0.512800
15.155000 0.692758
15.160000 0.523819
15.165000 0.644280
15.170000 0.570044
15.175000 0.564293
15.180000 0.621689
15.185000 0.518000
15.190000 0.715971
15.195000 0.538289
15.200000 0.768799
15.205000 0.644325
15.210000 0.888184
15.215000 0.685389
15.220000 0.702319
15.225000 0.627920
15.230000 0.511456
15.235000 0.571809
15.240000 0.445370
15.245000 0.659975
15.250000 0.455786
15.255000 0.666355
15.260000 0.498037
15.265000 0.632022
15.270000 0.550878
15.275000 0.575644
15.280000 0.632049
15.285000 0.525763
15.290000 0.676855
15.295000 0.496020
15.300000 0.688118
15.305000 0.496260
15.310000 0.683590
15.315000 0.544313
15.320000 0.644000
15.325000 0.605315
15.330000 0.575338
15.335000 0.678422
15.340000 0.535130
15.345000 0.728754
15.350000 0.529274
15.355000 0.725224
15.360000 0.538671
15.365000 0.716072
15.370000 0.625112
15.375000 0.655226
15.380000 0.695200
15.385000 0.610371
15.390000 0.773354
15.395000 0.604918
15.400000 0.796897
15.405000 0.624687
15.410000 0.792848
15.415000 0.657486
15.420000 0.757811
15.425000 0.733811
15.430000 0.672517
15.435000 0.747686
15.440000 0.607484
15.445000 0.772487
15.450000 0.585272
15.455000 0.736136
15.460000 0.560626
15.465000 0.701153
15.470000 0.578692
15.475000 0.649582
15.480000 0.660089
15.485000 0.586282
15.490000 0.698091
15.495000 0.544355
15.500000 0.714294
15.505000 0.518543
15.510000 0.695016
15.515000 0.538050
15.520000 0.657361
15.525000 0.626164
15.530000 0.601665
15.535000 0.687016
15.540000 0.546173
15.545000 0.727875
15.550000 0.555563
15.555000 0.759355
15.560000 0.564923
15.565000 0.717007
15.570000 0.589361
15.575000 0.657899
15.580000 0.661810
15.585000 0.569559
15.590000 0.679957
15.595000 0.517934
15.600000 0.698852
15.605000 0.497547
15.610000 0.661391
15.615000 0.500754
15.620000 0.597073
15.625000 0.561470
15.630000 0.544583
15.635000 0.613936
15.640000 0.529868
15.645000 0.719481
15.650000 0.561219
15.655000 0.785013
15.660000 0.695167
15.665000 0.845404
15.670000 0.627552
15.675000 0.662067
15.680000 0.607262
15.685000 0.477348
15.690000 0.582228
15.695000 0.462016
15.700000 0.665283
15.705000 0.484132
15.710000 0.680902
15.715000 0.496916
15.720000 0.618825
15.725000 0.547290
15.730000 0.566018
15.735000 0.600782
15.740000 0.511002
15.745000 0.647073
15.750000 0.495430
15.755000 0.651322
15.760000 0.491599
15.765000 0.666349
15.770000 0.532787
15.775000 0.615811
15.780000 0.603346
15.785000 0.569019
15.790000 0.656783
15.795000 0.502090
15.800000 0.705978
15.805000 0.499914
15.810000 0.699615
15.815000 0.542635
15.820000 0.689610
15.825000 0.620982
15.830000 0.639254
15.835000 0.677297
15.840000 0.614011
15.845000 0.756820
15.850000 0.594901
15.855000 0.792816
15.860000 0.603773
15.865000 0.806540
15.870000 0.643633
15.875000 0.738132
15.880000 0.700202
15.885000 0.652768
15.890000 0.715213
15.895000 0.582177
15.900000 0.764419
15.905000 0.563741
15.910000 0.756863
15.915000 0.553248
15.920000 0.700654
15.925000 0.581445
15.930000 0.617777
15.935000 0.631519
15.940000 0.561811
15.945000 0.708232
15.950000 0.519496
15.955000 0.694811
15.960000 0.508767
15.965000 0.705040
15.970000 0.542330
15.975000 0.657374
15.980000 0.593891
15.985000 0.604042
15.990000 0.668852
15.995000 0.567078
16.000000 0.719330
16.005000 0.538425
16.010000 0.750807
16.015000 0.570111
16.020000 0.685357
16.025000 0.606905
16.030000 0.678320
16.035000 0.665024
16.040000 0.586549
16.045000 0.696411
16.050000 0.526902
16.055000 0.692618
16.060000 0.498226
16.065000 0.686908
16.070000 0.522427
16.075000 0.644014
16.080000 0.568553
16.085000 0.568795
16.090000 0.616493
16.095000 0.518122
16.100000 0.709639
16.105000 0.558191
16.110000 0.784667
16.115000 0.688700
16.120000 0.883522
16.125000 0.654760
16.130000 0.661111
16.135000 0.577158
16.140000 0.484665
16.145000 0.554853
16.150000 0.424771
16.155000 0.641323
16.160000 0.465889
16.165000 0.672728
16.170000 0.485132
16.175000 0.639551
16.180000 0.552596
16.185000 0.580839
16.190000 0.601416
16.195000 0.520526
16.200000 0.671725
16.205000 0.488393
16.210000 0.685429
16.215000 0.492374
16.220000 0.665626
16.225000 0.528397
16.230000 0.631243
16.235000 0.605889
16.240000 0.568043
16.245000 0.665747
16.250000 0.520754
16.255000 0.720968
16.260000 0.503040
16.265000 0.730625
16.270000 0.543298
16.275000 0.675838
16.280000 0.606057
16.285000 0.655026
16.290000 0.697722
16.295000 0.606280
16.300000 0.763518
16.305000 0.605437
16.310000 0.805197
16.315000 0.601139
16.320000 0.793630
16.325000 0.663326
16.330000 0.752488
16.335000 0.709802
16.340000 0.670866
16.345000 0.760219
16.350000 0.627029
16.355000 0.787726
16.360000 0.571797
16.365000 0.769785
16.370000 0.574073
16.375000 0.706067
16.380000 0.592578
16.385000 0.656942
16.390000 0.659968
16.395000 0.573603
16.400000 0.724418
16.405000 0.557230
16.410000 0.733578
16.415000 0.537432
16.420000 0.718548
16.425000 0.553176
16.430000 0.676940
16.435000 0.623068
16.440000 0.626552
16.445000 0.700633
16.450000 0.580904
16.455000 0.740712
16.460000 0.584811
16.465000 0.771786
16.470000 0.577362
16.475000 0.720410
16.480000 0.606959
16.485000 0.680051
16.490000 0.644290
16.495000 0.587080
16.500000 0.689575
16.505000 0.530033
16.510000 0.700790
16.515000 0.497537
16.520000 0.678201
16.525000 0.515754
16.530000 0.634143
16.535000 0.557601
16.540000 0.580489
16.545000 0.630560
16.550000 0.548713
16.555000 0.733959
16.560000 0.565006
16.565000 0.844596
16.570000 0.714489
16.575000 0.832498
16.580000 0.621656
16.585000 0.644178
16.590000 0.551942
16.595000 0.449059
16.600000 0.565495
16.605000 0.466085
16.610000 0.653872
16.615000 0.474946
16.620000 0.675448
16.625000 0.511682
16.630000 0.645993
16.635000 0.546107
16.640000 0.555536
16.645000 0.614548
16.650000 0.509348
16.655000 0.668988
16.660000 0.488603
16.665000 0.684305
16.670000 0.487770
16.675000 0.668498
16.680000 0.531640
16.685000 0.617759
16.690000 0.604796
16.695000 0.580921
16.700000 0.682267
16.705000 0.529737
16.710000 0.719695
16.715000 0.524020
16.720000 0.729149
16.725000 0.559168
16.730000 0.692887
16.735000 0.601691
16.740000 0.651623
16.745000 0.716830
16.750000 0.634995
16.755000 0.767692
16.760000 0.611094
16.765000 0.801193
16.770000 0.603911
16.775000 0.809133
16.780000 0.665716
16.785000 0.739857
16.790000 0.697182
16.795000 0.674543
16.800000 0.729746
16.805000 0.589005
16.810000 0.768849
16.815000 0.548788
16.820000 0.758860
16.825000 0.553692
16.830000 0.695282
16.835000 0.586058
16.840000 0.627722
16.845000 0.655790
16.850000 0.572212
16.855000 0.691849
16.860000 0.549202
16.865000 0.715498
16.870000 0.505437
16.875000 0.677863
16.880000 0.562482
16.885000 0.660386
16.890000 0.597262
16.895000 0.601885
16.900000 0.664699
16.905000 0.544314
16.910000 0.722281
16.915000 0.529802
16.920000 0.760769
16.925000 0.555667
16.930000 0.722480
16.935000 0.608286
16.940000 0.666972
16.945000 0.633234
16.950000 0.552735
16.955000 0.701306
16.960000 0.515254
16.965000 0.701341
16.970000 0.495978
16.975000 0.661605
16.980000 0.502703
16.985000 0.602010
16.990000 0.540874
16.995000 0.574890
17.000000 0.626679
17.005000 0.523210
17.010000 0.716996
17.015000 0.544384
17.020000 0.798030
17.025000 0.685934
17.030000 0.815768
17.035000 0.612168
17.040000 0.653270
17.045000 0.590980
17.050000 0.466008
17.055000 0.562700
17.060000 0.439266
17.065000 0.641921
17.070000 0.466255
17.075000 0.658129
17.080000 0.504545
17.085000 0.612410
17.090000 0.553977
17.095000 0.566356
17.100000 0.606970
17.105000 0.518942
17.110000 0.655936
17.115000 0.483569
17.120000 0.668628
17.125000 0.479601
17.130000 0.678906
17.135000 0.527369
17.140000 0.622204
17.145000 0.585359
17.150000 0.550749
17.155000 0.647858
17.160000 0.532930
17.165000 0.693119
17.170000 0.491388
17.175000 0.713399
17.180000 0.542053
17.185000 0.694012
17.190000 0.595830
17.195000 0.659965
17.200000 0.687994
17.205000 0.603372
17.210000 0.750230
17.215000 0.585901
17.220000 0.798686
17.225000 0.601366
17.230000 0.784633
17.235000 0.620108
17.240000 0.735111
17.245000 0.680394
17.250000 0.660356
17.255000 0.723157
17.260000 0.608998
17.265000 0.759057
17.270000 0.550337
17.275000 0.751032
17.280000 0.546350
17.285000 0.707967
17.290000 0.579395
17.295000 0.642051
17.300000 0.629249
17.305000 0.561388
17.310000 0.682580
17.315000 0.502158
17.320000 0.702363
17.325000 0.518554
17.330000 0.690182
17.335000 0.549336
17.340000 0.662901
17.345000 0.602382
17.350000 0.588385
17.355000 0.665684
17.360000 0.575066
17.365000 0.712934
17.370000 0.524534
17.375000 0.745929
17.380000 0.558008
17.385000 0.699151
17.390000 0.605229
17.395000 0.636812
17.400000 0.658195
17.405000 0.579861
17.410000 0.675550
17.415000 0.525190
17.420000 0.705025
17.425000 0.481461
17.430000 0.677879
17.435000 0.504927
17.440000 0.625245
17.445000 0.551743
17.450000 0.576519
17.455000 0.619258
17.460000 0.518292
17.465000 0.702370
17.470000 0.547479
17.475000 0.818501
17.480000 0.686417
17.485000 0.844441
17.490000 0.644864
17.495000 0.680072
17.500000 0.587451
17.505000 0.475363
17.510000 0.572911
17.515000 0.445037
17.520000 0.655843
17.525000 0.469892
17.530000 0.670689
17.535000 0.497042
17.540000 0.613412
17.545000 0.544108
17.550000 0.564904
17.555000 0.610736
17.560000 0.505809
17.565000 0.635105
17.570000 0.458928
17.575000 0.684418
17.580000 0.475974
17.585000 0.653877
17.590000 0.529951
17.595000 0.628708
17.600000 0.583282
17.605000 0.570549
17.610000 0.664160
17.615000 0.522130
17.620000 0.707151
17.625000 0.488794
17.630000 0.685223
17.635000 0.532105
17.640000 0.672988
17.645000 0.596404
17.650000 0.646593
17.655000 0.677647
17.660000 0.597737
17.665000 0.737394
17.670000 0.570135
17.675000 0.800004
17.680000 0.590100
17.685000 0.786176
17.690000 0.638283
17.695000 0.742090
17.700000 0.695322
17.705000 0.649506
17.710000 0.725521
17.715000 0.579438
17.720000 0.752690
17.725000 0.537111
17.730000 0.736065
17.735000 0.531740
17.740000 0.697542
17.745000 0.591289
17.750000 0.637162
17.755000 0.612422
17.760000 0.577421
17.765000 0.680207
17.770000 0.512659
17.775000 0.708101
17.780000 0.509734
17.785000 0.694396
17.790000 0.531555
17.795000 0.647754
17.800000 0.589386
17.805000 0.601500
17.810000 0.644651
17.815000 0.557352
17.820000 0.707059
17.825000 0.538600
17.830000 0.729105
17.835000 0.549152
17.840000 0.704546
17.845000 0.601814
17.850000 0.653592
17.855000 0.652150
17.860000 0.592207
17.865000 0.679350
17.870000 0.513311
17.875000 0.689268
17.880000 0.496223
17.885000 0.663760
17.890000 0.513414
17.895000 0.635100
17.900000 0.536742
17.905000 0.576792
17.910000 0.621330
17.915000 0.508584
17.920000 0.695469
17.925000 0.534509
17.930000 0.739013
17.935000 0.615669
17.940000 0.887006
17.945000 0.712590
17.950000 0.699783
17.955000 0.605067
17.960000 0.493307
17.965000 0.546275
17.970000 0.419473
17.975000 0.607279
17.980000 0.455421
17.985000 0.647612
17.990000 0.503961
17.995000 0.638616
18.000000 0.528393
18.005000 0.575502
18.010000 0.613178
18.015000 0.497520
18.020000 0.637872
18.025000 0.478567
18.030000 0.670213
18.035000 0.460427
18.040000 0.647867
18.045000 0.520729
18.050000 0.599803
18.055000 0.569970
18.060000 0.561104
18.065000 0.618682
18.070000 0.520519
18.075000 0.675302
18.080000 0.499113
18.085000 0.705011
18.090000 0.522674
18.095000 0.675031
18.100000 0.570583
18.105000 0.643394
18.110000 0.659416
18.115000 0.611285
18.120000 0.727468
18.125000 0.582941
18.130000 0.765921
18.135000 0.588917
18.140000 0.785791
18.145000 0.633944
18.150000 0.745984
18.155000 0.707776
18.160000 0.697060
18.165000 0.733148
18.170000 0.616800
18.175000 0.750994
18.180000 0.545148
18.185000 0.753323
18.190000 0.575635
18.195000 0.699689
18.200000 0.586128
18.205000 0.624325
18.210000 0.657330
18.215000 0.595031
18.220000 0.693557
18.225000 0.527407
18.230000 0.702352
18.235000 0.506832
18.240000 0.694670
18.245000 0.534402
18.250000 0.658224
18.255000 0.590920
18.260000 0.605055
18.265000 0.652103
18.270000 0.533565
18.275000 0.696208
18.280000 0.516948
18.285000 0.718533
18.290000 0.545207
18.295000 0.710125
18.300000 0.565696
18.305000 0.654842
18.310000 0.631789
18.315000 0.583051
18.320000 0.687517
18.325000 0.511386
18.330000 0.689608
18.335000 0.484656
18.340000 0.664086
18.345000 0.482877
18.350000 0.617726
18.355000 0.537695
18.360000 0.547710
18.365000 0.601728
18.370000 0.499073
18.375000 0.637362
18.380000 0.498636
18.385000 0.725245
18.390000 0.545222
18.395000 0.790786
18.400000 0.738564
18.405000 0.731304
18.410000 0.632759
18.415000 0.547588
18.420000 0.573236
18.425000 0.410893
18.430000 0.587067
18.435000 0.407086
18.440000 0.649461
18.445000 0.476685
18.450000 0.614607
18.455000 0.504909
18.460000 0.551371
18.465000 0.605762
18.470000 0.499860
18.475000 0.637636
18.480000 0.460212
18.485000 0.648388
18.490000 0.464994
18.495000 0.648405
18.500000 0.497488
18.505000 0.605839
18.510000 0.568181
18.515000 0.553440
18.520000 0.628628
18.525000 0.506723
18.530000 0.665444
18.535000 0.488860
18.540000 0.662790
18.545000 0.513681
18.550000 0.667028
18.555000 0.547009
18.560000 0.622092
18.565000 0.635701
18.570000 0.584258
18.575000 0.723731
18.580000 0.551208
18.585000 0.758264
18.590000 0.577391
18.595000 0.774478
18.600000 0.626115
18.605000 0.739707
18.610000 0.661353
18.615000 0.690753
18.620000 0.703208
18.625000 0.604036
18.630000 0.743479
18.635000 0.541030
18.640000 0.720510
18.645000 0.547660
18.650000 0.684024
18.655000 0.569385
18.660000 0.644879
18.665000 0.633535
18.670000 0.569735
18.675000 0.650741
18.680000 0.487112
18.685000 0.708210
18.690000 0.491932
18.695000 0.674913
18.700000 0.517762
18.705000 0.640110
18.710000 0.575566
18.715000 0.570060
18.720000 0.619952
18.725000 0.531982
18.730000 0.697693
18.735000 0.511487
18.740000 0.705479
18.745000 0.523418
18.750000 0.679609
18.755000 0.579610
18.760000 0.653951
18.765000 0.624600
18.770000 0.572548
18.775000 0.686998
18.780000 0.535319
18.785000 0.691697
18.790000 0.482926
18.795000 0.680211
18.800000 0.500339
18.805000 0.621799
18.810000 0.532773
18.815000 0.532289
18.820000 0.605243
18.825000 0.466737
18.830000 0.621248
18.835000 0.458196
18.840000 0.688512
18.845000 0.517931
18.850000 0.724522
18.855000 0.680118
18.860000 0.821586
18.865000 0.698475
18.870000 0.627803
18.875000 0.672458
18.880000 0.458259
18.885000 0.585885
18.890000 0.404193
18.895000 0.613598
18.900000 0.451271
18.905000 0.602730
18.910000 0.517500
18.915000 0.540655
18.920000 0.591891
18.925000 0.503383
18.930000 0.623725
18.935000 0.438763
18.940000 0.657739
18.945000 0.450229
18.950000 0.632940
18.955000 0.493112
18.960000 0.580662
18.965000 0.555204
18.970000 0.530823
18.975000 0.598947
18.980000 0.492821
18.985000 0.666118
18.990000 0.470827
18.995000 0.652288
19.000000 0.480802
19.005000 0.664849
19.010000 0.561414
19.015000 0.615695
19.020000 0.626807
19.025000 0.560514
19.030000 0.705647
19.035000 0.525707
19.040000 0.737518
19.045000 0.568929
19.050000 0.750482
19.055000 0.592995
19.060000 0.719481
19.065000 0.682175
19.070000 0.667021
19.075000 0.714373
19.080000 0.590254
19.085000 0.733610
19.090000 0.548432
19.095000 0.746350
19.100000 0.542004
19.105000 0.683066
19.110000 0.550594
19.115000 0.620711
19.120000 0.593370
19.125000 0.558437
19.130000 0.668733
19.135000 0.501324
19.140000 0.698329
19.145000 0.498069
19.150000 0.678634
19.155000 0.510803
19.160000 0.647869
19.165000 0.572967
19.170000 0.571644
19.175000 0.635239
19.180000 0.513191
19.185000 0.674078
19.190000 0.503437
19.195000 0.700447
19.200000 0.505905
19.205000 0.681173
19.210000 0.563797
19.215000 0.646441
19.220000 0.627891
19.225000 0.578717
19.230000 0.689883
19.235000 0.548284
19.240000 0.701459
19.245000 0.493043
19.250000 0.678530
19.255000 0.484324
19.260000 0.638799
19.265000 0.535063
19.270000 0.561054
19.275000 0.602731
19.280000 0.480540
19.285000 0.638477
19.290000 0.458640
19.295000 0.679299
19.300000 0.514578
19.305000 0.723615
19.310000 0.609447
19.315000 0.797208
19.320000 0.763143
19.325000 0.674535
19.330000 0.682258
19.335000 0.516988
19.340000 0.588354
19.345000 0.366836
19.350000 0.599086
19.355000 0.452282
19.360000 0.610127
19.365000 0.501127
19.370000 0.556442
19.375000 0.564763
19.380000 0.485250
19.385000 0.618785
19.390000 0.455766
19.395000 0.663240
19.400000 0.455154
19.405000 0.638825
19.410000 0.479785
19.415000 0.603994
19.420000 0.556405
19.425000 0.553552
19.430000 0.632508
19.435000 0.488848
19.440000 0.663076
19.445000 0.467995
19.450000 0.689614
19.455000 0.506296
19.460000 0.656561
19.465000 0.567125
19.470000 0.608642
19.475000 0.624693
19.480000 0.571060
19.485000 0.698836
19.490000 0.545898
19.495000 0.756696
19.500000 0.545804
19.505000 0.763066
19.510000 0.602796
19.515000 0.722390
19.520000 0.665488
19.525000 0.682779
19.530000 0.740287
19.535000 0.621580
19.540000 0.755569
19.545000 0.560344
19.550000 0.759147
19.555000 0.561646
19.560000 0.727290
19.565000 0.588915
19.570000 0.656078
19.575000 0.614788
19.580000 0.565074
19.585000 0.659706
19.590000 0.516590
19.595000 0.701934
19.600000 0.501739
19.605000 0.697432
19.610000 0.513570
19.615000 0.658746
19.620000 0.582480
19.625000 0.575978
19.630000 0.626052
19.635000 0.516872
19.640000 0.694179
19.645000 0.493689
19.650000 0.700084
19.655000 0.522240
19.660000 0.683214
19.665000 0.560900
19.670000 0.645781
19.675000 0.641825
19.680000 0.598997
19.685000 0.694019
19.690000 0.527977
19.695000 0.709962
19.700000 0.505936
19.705000 0.690058
19.710000 0.513324
19.715000 0.656237
19.720000 0.556051
19.725000 0.583657
19.730000 0.597874
19.735000 0.491186
19.740000 0.636905
19.745000 0.471055
19.750000 0.652335
19.755000 0.465190
19.760000 0.679842
19.765000 0.557568
19.770000 0.709467
19.775000 0.766286
19.780000 0.726385
19.785000 0.742374
19.790000 0.543707
19.795000 0.663621
19.800000 0.394296
19.805000 0.579471
19.810000 0.430081
19.815000 0.605209
19.820000 0.521631
19.825000 0.559007
19.830000 0.563803
19.835000 0.499788
19.840000 0.640677
19.845000 0.469036
19.850000 0.654128
19.855000 0.475898
19.860000 0.640718
19.865000 0.499837
19.870000 0.595876
19.875000 0.549249
19.880000 0.562093
19.885000 0.633308
19.890000 0.501017
19.895000 0.662604
19.900000 0.493290
19.905000 0.685528
19.910000 0.485901
19.915000 0.673214
19.920000 0.552769
19.925000 0.608789
19.930000 0.648316
19.935000 0.556930
19.940000 0.685919
19.945000 0.543832
19.950000 0.735434
19.955000 0.560488
19.960000 0.755844
19.965000 0.615700
19.970000 0.736253
19.975000 0.693994
19.980000 0.691316
19.985000 0.769256
19.990000 0.643297
19.995000 0.781001
20.000000 0.588885
