5

5 12 
1 1 1 1 1

10 274
7 3 2 10 3 20 34 9 9 1

100 67942
163	182	26	183	127	20	56	110	192	193	32	195	192	98	161	29	85	184	159	192	132	8	170	187	136	152	149	79	132	35	142	7	56	10	20	165	139	64	191	7	88	77	154	160	38	98	90	130	142	151	56	136	132	33	24	100	192	69	118	45	151	52	102	140	179	192	110	28	30	52	169	51	163	49	186	70	40	51	124	95	71	167	118	110	184	58	152	151	77	114	16	11	107	156	187	26	114	94	3	68

1 42
42

1000 4910423121
985237	559478	933592	720344	484039	639032	887637	198737	395367	992176	402352	658857	901349	995382	653164	108437	36115	618092	567145	961965	746106	662517	523314	259895	961994	540205	30271	696315	519717	59031	890037	330203	229702	113949	310923	228433	651998	66161	275432	281821	880067	444331	755915	603297	783266	113931	978564	848597	50647	466202	325654	630206	230300	579885	603157	599880	448428	35424	513815	407731	108047	459876	450883	551141	805405	700851	872236	52193	219682	459643	958534	790046	451875	333429	59096	740906	506795	199926	427194	168691	751695	368351	941818	17173	829056	626591	538747	650508	726630	94489	877574	14363	294303	179915	926295	68181	581094	637152	651270	864623	55953	816856	528923	694351	212405	543280	702521	956435	444543	85398	57341	629451	796180	691192	345308	946817	520191	953814	73596	207032	775028	914188	782551	295535	151846	847911	784855	270832	227811	321024	829562	822183	570683	571830	286019	699134	796258	441590	446216	465663	279040	675376	903665	908526	747197	260512	689638	131831	123501	190903	145733	585044	73362	822327	722903	925859	492639	654883	890124	538526	282206	975958	36426	326245	973014	365033	309150	120913	915766	135479	332118	897480	499649	615289	583133	698254	29333	527883	32073	827143	339987	846711	246070	581492	937677	47788	53978	20619	681479	598629	114031	796246	617851	70214	69279	136008	788892	92399	237869	243648	104823	858353	698200	733743	650531	516271	326389	661777	117566	147818	19765	964292	970373	123861	467411	656695	290186	754537	558119	427793	267195	753737	898377	728445	406831	938316	255428	533164	954755	267748	250085	927673	68583	299401	591584	203300	635884	798371	501702	650813	795955	233374	600839	112463	515766	837841	920791	498228	277612	652520	917299	509840	974192	197279	111185	297355	396419	420756	311476	693844	91872	402089	295181	306497	105562	593828	282728	155222	659	283596	550811	870903	42254	904722	130975	833729	800469	917881	137304	504733	404959	173573	575184	606218	214446	519933	989186	489916	694874	411422	34777	292832	801442	346502	83316	511107	366834	739480	524741	804521	816912	189472	123694	820997	637898	16120	895955	515376	544522	606443	760437	855347	382869	84650	733874	331990	839750	371724	828216	176519	129520	879884	44080	686721	733773	437173	379839	979658	398994	440187	156808	326035	314062	894501	247025	310680	408869	708011	143638	871323	83156	461738	30390	753201	700043	214513	679905	557293	850679	558566	901774	419518	358129	488988	255963	929170	466757	254008	431219	702531	402330	181841	856252	584202	373579	221695	218995	522233	433423	741304	70450	847334	679881	136652	858403	199835	607340	543045	162325	5654	771486	764788	421070	56814	585747	174156	728611	534292	253065	917057	758195	887031	68799	183529	737073	696715	776993	501904	425497	611238	855772	670798	523593	298816	703970	381611	567685	887861	842950	898799	939004	815436	1358	3091	87469	260728	22799	424085	341065	541354	926170	298500	338085	859481	340479	138121	507799	856657	384314	695691	627905	450389	473618	949707	83498	279829	447008	587572	877635	469101	437419	746185	467911	860828	466513	498105	487431	229469	85553	67384	888391	233168	861596	711736	872813	938003	139690	393901	980563	644795	896410	482231	14094	622881	231096	527434	724992	607416	588367	433435	244173	428961	10178	608822	957976	95447	35591	886236	246942	8916	814921	140500	879867	95377	352561	593421	585182	667682	648028	433370	139759	751930	241787	650460	857375	84371	972090	31460	835405	835714	49858	545887	943170	321474	806467	601399	789621	799186	49565	283199	653457	489656	972853	748490	567842	298965	256110	886564	446801	815988	98338	859594	27630	899157	899936	524107	120200	177795	706108	831360	34834	757839	957113	342871	638244	343006	216472	786201	723090	278839	582432	421006	92069	24028	491146	278268	339758	287350	170904	399264	697650	203677	666327	443067	433296	175240	193203	616422	269011	559678	944784	714472	679220	959381	775335	607727	948003	59642	268713	986681	772207	475355	680900	416935	380150	213271	382938	29668	472322	333373	975845	555444	846304	408064	462019	826307	991204	523948	925437	739022	567431	968778	824500	959610	646347	379574	476575	911890	14854	156694	471568	542992	59692	658031	889636	109633	437774	280231	985247	608759	253750	132615	545005	827804	837007	833349	203716	544418	874943	121001	856351	899777	217866	76980	474216	835028	469394	413770	502747	125440	132286	870476	602951	265302	864803	58110	457754	722210	339000	401220	526980	894236	778361	69368	278785	379370	864673	419961	239878	597655	479405	898548	934710	817887	708909	743221	899710	65240	335912	4336	828096	507436	366163	226640	534832	289485	68371	84971	68340	409817	123382	443017	898940	353640	120179	569112	875033	348575	41922	142340	76593	740527	456526	668250	699247	571358	628694	877764	662352	875414	467518	141337	68135	714243	307987	671164	652421	531049	715108	504811	488000	497839	935976	389282	117146	240424	684909	839254	970145	215170	760344	584103	402952	510041	495645	651369	743707	301954	89612	825966	389588	775305	179370	109362	905159	876352	999793	864255	36878	544683	997617	511009	873513	70222	987539	922714	564261	431463	337845	720724	13656	374061	922686	546480	473887	496538	308972	950838	981994	513564	992590	455844	426041	213215	193250	832755	726638	529746	829081	511875	551962	213285	587821	142764	52224	683308	608560	219656	406280	629908	555308	127580	169199	1000	418163	488486	159869	666839	17921	119676	952126	975854	30915	493882	862723	242877	834271	813592	628974	2239	379724	904406	680352	378824	631955	243270	571414	981729	849683	283445	682458	358125	986927	83987	250306	811347	84424	531254	800623	738824	141663	437895	350381	478498	587404	145806	905331	640195	162940	565911	931617	783102	685688	466220	260319	569269	248771	319302	910803	885221	794590	925810	178840	517542	627006	913183	663969	389193	740008	817635	600345	84998	922359	53598	527025	118854	380143	812833	244096	884423	712647	378149	248920	252854	767244	49862	685289	620279	746685	977256	383914	260206	877470	806096	461122	90962	564269	187383	531690	355034	314784	726742	515773	790645	204493	678107	52486	801173	678569	946009	91559	908439	509954	614904	316072	77488	850615	144527	370486	622392	997552	517345	990512	226535	398006	696569	64641	747662	420401	811318	379606	319068	986052	718181	413184	98631	734560	637307	73842	120509	981597	496800	22414	53832	140874	893475	465821	560857	494457	67786	897647	288566	269047	594195	475880	368312	655612	938201	620426	282841	205182	439135	27251	876185	610093	203593	519917	53825	862188	442935	548010	566861	680395	371379	78229	456351	47844	738257	38002	954245	742373	937450	513364	240905	259966	758975	993343	356706	752858	110049	597046	430596	730719	261177	94808	450964	640075	132039	452823	652200	826999	308077	402364	884232	700580	241873	759832	290926	277439	6108	374712	436933	304299	290861	242517	936684	860191	397229	479420	564997	489620	269812	989741	183676	861657	32633	331959	748747	644367	169238